   115.000  0.0000000
   115.500  0.0000000
   116.000  0.0000000
   116.500  0.0000000
   117.000  0.0000000
   117.500  0.0000000
   118.000  0.0000000
   118.500  0.0000000
   119.000  0.0000000
   119.500  0.0000000
   120.000  0.0000000
   120.500  0.0000000
   121.000  0.0000000
   121.500  0.0000000
   122.000  0.0000000
   122.500  0.0000000
   123.000  0.0000000
   123.500  0.0000000
   124.000  0.0000000
   124.500  0.0000000
   125.000  0.0000000
   125.500  0.0000000
   126.000  0.0000000
   126.500  0.0000000
   127.000  0.0000000
   127.500  0.0000000
   128.000  0.0000000
   128.500  0.0000000
   129.000  0.0000000
   129.500  0.0000000
   130.000  0.0000000
   130.500  0.0000000
   131.000  0.0000000
   131.500  0.0000000
   132.000  0.0000000
   132.500  0.0000000
   133.000  0.0000000
   133.500  0.0000000
   134.000  0.0000000
   134.500  0.0000000
   135.000  0.0000000
   135.500  0.0000000
   136.000  0.0000000
   136.500  0.0000000
   137.000  0.0000000
   137.500  0.0000000
   138.000  0.0000000
   138.500  0.0000000
   139.000  0.0000000
   139.500  0.0000000
   140.000  0.0000000
   140.500  0.0000000
   141.000  0.0000000
   141.500  0.0000000
   142.000  0.0000000
   142.500  0.0000000
   143.000  0.0000000
   143.500  0.0000000
   144.000  0.0000000
   144.500  0.0000000
   145.000  0.0000000
   145.500  0.0000000
   146.000  0.0000000
   146.500  0.0000000
   147.000  0.0000000
   147.500  0.0000000
   148.000  0.0000000
   148.500  0.0000000
   149.000  0.0000000
   149.500  0.0000000
   150.000  0.0000000
   150.500  0.0000000
   151.000  0.0000000
   151.500  0.0000000
   152.000  0.0000000
   152.500  0.0000000
   153.000  0.0000000
   153.500  0.0000000
   154.000  0.0000000
   154.500  0.0000000
   155.000  0.0000000
   155.500  0.0000000
   156.000  0.0000000
   156.500  0.0000000
   157.000  0.0000000
   157.500  0.0000000
   158.000  0.0000000
   158.500  0.0000000
   159.000  0.0000000
   159.500  0.0000000
   160.000  0.0000000
   160.500  0.0000000
   161.000  0.0000000
   161.500  0.0000000
   162.000  0.0000000
   162.500  0.0000000
   163.000  0.0000000
   163.500  0.0000000
   164.000  0.0000000
   164.500  0.0000000
   165.000  0.0000000
   165.500  0.0000000
   166.000  0.0000000
   166.500  0.0000000
   167.000  0.0000000
   167.500  0.0000000
   168.000  0.0000000
   168.500  0.0000000
   169.000  0.0000000
   169.500  0.0000000
   170.000  0.0000000
   170.500  0.0000000
   171.000  0.0000000
   171.500  0.0000000
   172.000  0.0000000
   172.500  0.0000000
   173.000  0.0000000
   173.500  0.0000000
   174.000  0.0000000
   174.500  0.0000000
   175.000  0.0000000
   175.500  0.0000000
   176.000  0.0000000
   176.500  0.0000000
   177.000  0.0000000
   177.500  0.0000000
   178.000  0.0000000
   178.500  0.0000000
   179.000  0.0000000
   179.500  0.0000000
   180.000  0.0000000
   180.500  0.0000000
   181.000  0.0000000
   181.500  0.0000000
   182.000  0.0000000
   182.500  0.0000000
   183.000  0.0000000
   183.500  0.0000000
   184.000  0.0000000
   184.500  0.0000000
   185.000  0.0000000
   185.500  0.0000000
   186.000  0.0000000
   186.500  0.0000000
   187.000  0.0000000
   187.500  0.0000000
   188.000  0.0000000
   188.500  0.0000000
   189.000  0.0000000
   189.500  0.0000000
   190.000  0.0000000
   190.500  0.0000000
   191.000  0.0000000
   191.500  0.0000000
   192.000  0.0000000
   192.500  0.0000000
   193.000  0.0000000
   193.500  0.0000000
   194.000  0.0000000
   194.500  0.0000000
   195.000  0.0000000
   195.500  0.0000000
   196.000  0.0000000
   196.500  0.0000000
   197.000  0.0000000
   197.500  0.0000000
   198.000  0.0000000
   198.500  0.0000000
   199.000  0.0000000
   199.500  0.0000000
   200.000  0.0000000
   200.500  0.0000000
   201.000  0.0000000
   201.500  0.0000000
   202.000  0.0000000
   202.500  0.0000000
   203.000  0.0000000
   203.500  0.0000000
   204.000  0.0000000
   204.500  0.0000000
   205.000  0.0000000
   205.500  0.0000000
   206.000  0.0000000
   206.500  0.0000000
   207.000  0.0000000
   207.500  0.0000000
   208.000  0.0000000
   208.500  0.0000000
   209.000  0.0000000
   209.500  0.0000000
   210.000  0.0000000
   210.500  0.0000000
   211.000  0.0000000
   211.500  0.0000000
   212.000  0.0000000
   212.500  0.0000000
   213.000  0.0000000
   213.500  0.0000000
   214.000  0.0000000
   214.500  0.0000000
   215.000  0.0000000
   215.500  0.0000000
   216.000  0.0000000
   216.500  0.0000000
   217.000  0.0000000
   217.500  0.0000000
   218.000  0.0000000
   218.500  0.0000000
   219.000  0.0000000
   219.500  0.0000000
   220.000  0.0000000
   220.500  0.0000000
   221.000  0.0000000
   221.500  0.0000000
   222.000  0.0000000
   222.500  0.0000000
   223.000  0.0000000
   223.500  0.0000000
   224.000  0.0000000
   224.500  0.0000000
   225.000  0.0000000
   225.500  0.0000000
   226.000  0.0000000
   226.500  0.0000000
   227.000  0.0000000
   227.500  0.0000000
   228.000  0.0000000
   228.500  0.0000000
   229.000  0.0000000
   229.500  0.0000000
   230.000  0.0000000
   230.500  0.0000000
   231.000  0.0000000
   231.500  0.0000000
   232.000  0.0000000
   232.500  0.0000000
   233.000  0.0000000
   233.500  0.0000000
   234.000  0.0000000
   234.500  0.0000000
   235.000  0.0000000
   235.500  0.0000000
   236.000  0.0000000
   236.500  0.0000000
   237.000  0.0000000
   237.500  0.0000000
   238.000  0.0000000
   238.500  0.0000000
   239.000  0.0000000
   239.500  0.0000000
   240.000  0.0000000
   240.500  0.0000000
   241.000  0.0000000
   241.500  0.0000000
   242.000  0.0000000
   242.500  0.0000000
   243.000  0.0000000
   243.500  0.0000000
   244.000  0.0000000
   244.500  0.0000000
   245.000  0.0000000
   245.500  0.0000000
   246.000  0.0000000
   246.500  0.0000000
   247.000  0.0000000
   247.500  0.0000000
   248.000  0.0000000
   248.500  0.0000000
   249.000  0.0000000
   249.500  0.0000000
   250.000  0.0000000
   250.500  0.0000000
   251.000  0.0000000
   251.500  0.0000000
   252.000  0.0000000
   252.500  0.0000000
   253.000  0.0000000
   253.500  0.0000000
   254.000  0.0000000
   254.500  0.0000000
   255.000  0.0000000
   255.500  0.0000000
   256.000  0.0000000
   256.500  0.0000000
   257.000  0.0000000
   257.500  0.0000000
   258.000  0.0000000
   258.500  0.0000000
   259.000  0.0000000
   259.500  0.0000000
   260.000  0.0000000
   260.500  0.0000000
   261.000  0.0000000
   261.500  0.0000000
   262.000  0.0000000
   262.500  0.0000000
   263.000  0.0000000
   263.500  0.0000000
   264.000  0.0000000
   264.500  0.0000000
   265.000  0.0000000
   265.500  0.0000000
   266.000  0.0000000
   266.500  0.0000000
   267.000  0.0000000
   267.500  0.0000000
   268.000  0.0000000
   268.500  0.0000000
   269.000  0.0000000
   269.500  0.0000000
   270.000  0.0000000
   270.500  0.0000000
   271.000  0.0000000
   271.500  0.0000000
   272.000  0.0000000
   272.500  0.0000000
   273.000  0.0000000
   273.500  0.0000000
   274.000  0.0000000
   274.500  0.0000000
   275.000  0.0000000
   275.500  0.0000000
   276.000  0.0000000
   276.500  0.0000000
   277.000  0.0000000
   277.500  0.0000000
   278.000  0.0000000
   278.500  0.0000000
   279.000  0.0000000
   279.500  0.0000000
   280.000  0.0000000
   280.500  0.0000000
   281.000  0.0000000
   281.500  0.0000000
   282.000  0.0000000
   282.500  0.0000000
   283.000  0.0000000
   283.500  0.0000000
   284.000  0.0000000
   284.500  0.0000000
   285.000  0.0000000
   285.500  0.0000000
   286.000  0.0000000
   286.500  0.0000000
   287.000  0.0000000
   287.500  0.0000000
   288.000  0.0000000
   288.500  0.0000000
   289.000  0.0000000
   289.500  0.0000000
   290.000  0.0000000
   290.500  0.0000000
   291.000  0.0000000
   291.500  0.0000000
   292.000  0.0000000
   292.500  0.0000000
   293.000  0.0000000
   293.500  0.0000000
   294.000  0.0000000
   294.500  0.0000000
   295.000  0.0000000
   295.500  0.0000000
   296.000  0.0000000
   296.500  0.0000000
   297.000  0.0000000
   297.500  0.0000000
   298.000  0.0000000
   298.500  0.0000000
   299.000  0.0000000
   299.500  0.0000000
   300.000  0.0000000
   300.500  0.0000000
   301.000  0.0000000
   301.500  0.0000000
   302.000  0.0000000
   302.500  0.0000000
   303.000  0.0000000
   303.500  0.0000000
   304.000  0.0000000
   304.500  0.0000000
   305.000  0.0000000
   305.500  0.0000000
   306.000  0.0000000
   306.500  0.0000000
   307.000  0.0000000
   307.500  0.0000000
   308.000  0.0000000
   308.500  0.0000000
   309.000  0.0000000
   309.500  0.0000000
   310.000  0.0000000
   310.500  0.0000000
   311.000  0.0000000
   311.500  0.0000000
   312.000  0.0000000
   312.500  0.0000000
   313.000  0.0000000
   313.500  0.0000000
   314.000  0.0000000
   314.500  0.0000000
   315.000  0.0000000
   315.500  0.0000000
   316.000  0.0000000
   316.500  0.0000000
   317.000  0.0000000
   317.500  0.0000000
   318.000  0.0000000
   318.500  0.0000000
   319.000  0.0000000
   319.500  0.0000000
   320.000  0.0000000
   320.500  0.0000000
   321.000  0.0000000
   321.500  0.0000000
   322.000  0.0000000
   322.500  0.0000000
   323.000  0.0000000
   323.500  0.0000000
   324.000  0.0000000
   324.500  0.0000000
   325.000  0.0000000
   325.500  0.0000000
   326.000  0.0000000
   326.500  0.0000000
   327.000  0.0000000
   327.500  0.0000000
   328.000  0.0000000
   328.500  0.0000000
   329.000  0.0000000
   329.500  0.0000000
   330.000  0.0000000
   330.500  0.0000000
   331.000  0.0000000
   331.500  0.0000000
   332.000  0.0000000
   332.500  0.0000000
   333.000  0.0000000
   333.500  0.0000000
   334.000  0.0000000
   334.500  0.0000000
   335.000  0.0000000
   335.500  0.0000000
   336.000  0.0000000
   336.500  0.0000000
   337.000  0.0000000
   337.500  0.0000000
   338.000  0.0000000
   338.500  0.0000000
   339.000  0.0000000
   339.500  0.0000000
   340.000  0.0000000
   340.500  0.0000000
   341.000  0.0000000
   341.500  0.0000000
   342.000  0.0000000
   342.500  0.0000000
   343.000  0.0000000
   343.500  0.0000000
   344.000  0.0000000
   344.500  0.0000000
   345.000  0.0000000
   345.500  0.0000000
   346.000  0.0000000
   346.500  0.0000000
   347.000  0.0000000
   347.500  0.0000000
   348.000  0.0000000
   348.500  0.0000000
   349.000  0.0000000
   349.500  0.0000000
   350.000  0.0000000
   350.500  0.0000000
   351.000  0.0000000
   351.500  0.0000000
   352.000  0.0000000
   352.500  0.0000000
   353.000  0.0000000
   353.500  0.0000000
   354.000  0.0000000
   354.500  0.0000000
   355.000  0.0000000
   355.500  0.0000000
   356.000  0.0000000
   356.500  0.0000000
   357.000  0.0000000
   357.500  0.0000000
   358.000  0.0000000
   358.500  0.0000000
   359.000  0.0000000
   359.500  0.0000000
   360.000  0.0000000
   360.500  0.0000000
   361.000  0.0000000
   361.500  0.0000000
   362.000  0.0000000
   362.500  0.0000000
   363.000  0.0000000
   363.500  0.0000000
   364.000  0.0000000
   364.500  0.0000000
   365.000  0.0000000
   365.500  0.0000000
   366.000  0.0000000
   366.500  0.0000000
   367.000  0.0000000
   367.500  0.0000000
   368.000  0.0000000
   368.500  0.0000000
   369.000  0.0000000
   369.500  0.0000000
   370.000  0.0000000
   370.500  0.0000000
   371.000  0.0000000
   371.500  0.0000000
   372.000  0.0000000
   372.500  0.0000000
   373.000  0.0000000
   373.500  0.0000000
   374.000  0.0000000
   374.500  0.0000000
   375.000  0.0000000
   375.500  0.0000000
   376.000  0.0000000
   376.500  0.0000000
   377.000  0.0000000
   377.500  0.0000000
   378.000  0.0000000
   378.500  0.0000000
   379.000  0.0000000
   379.500  0.0000000
   380.000  0.0000000
   380.500  0.0000000
   381.000  0.0000000
   381.500 116869.2007648
   382.000 123391.3176845
   382.500 129913.4346042
   383.000 136435.5515239
   383.500 143710.2071785
   384.000 151062.5775445
   384.500 158414.9479106
   385.000 166636.4798953
   385.500 175381.5763251
   386.000 184126.6727550
   386.500 193101.6154490
   387.000 202519.2725497
   387.500 211936.9296504
   388.000 221357.1013216
   388.500 230817.0743047
   389.000 240277.0472878
   389.500 249737.0202709
   390.000 260819.0569143
   390.500 272366.3603506
   391.000 283913.6637869
   391.500 295535.1061362
   392.000 307232.2531439
   392.500 318929.4001516
   393.000 330940.0372340
   393.500 344112.7705156
   394.000 357285.5037972
   394.500 370458.2370789
   395.000 384694.3638486
   395.500 399010.3748634
   396.000 413326.3858782
   396.500 427775.4402923
   397.000 442296.8276953
   397.500 456818.2150983
   398.000 471569.3032321
   398.500 486719.1836052
   399.000 501869.0639783
   399.500 517123.1014646
   400.000 533525.5597377
   400.500 549928.0180107
   401.000 566330.4762838
   401.500 583078.8278211
   402.000 599913.2045591
   402.500 616747.5812971
   403.000 633505.7630627
   403.500 650193.1887497
   404.000 666880.6144366
   404.500 683768.2979039
   405.000 701303.4459010
   405.500 718838.5938981
   406.000 736373.7418952
   406.500 753918.9800062
   407.000 771464.7056826
   407.500 789010.4313591
   408.000 804863.0850644
   408.500 819887.7902681
   409.000 834912.4954718
   409.500 850459.4325295
   410.000 866825.7469548
   410.500 883192.0613801
   411.000 899539.0519511
   411.500 915724.6574671
   412.000 931910.2629830
   412.500 948095.8684990
   413.000 963860.6326528
   413.500 979535.8857980
   414.000 995211.1389433
   414.500 1010759.2339823
   415.000 1026200.0014615
   415.500 1041640.7689408
   416.000 1057652.3421911
   416.500 1075288.8458426
   417.000 1092925.3494941
   417.500 1110561.8531456
   418.000 1129701.2730806
   418.500 1148875.0718540
   419.000 1168048.8706273
   419.500 1185092.8690758
   420.000 1201203.5837953
   420.500 1217314.2985149
   421.000 1233823.2595003
   421.500 1250898.2784442
   422.000 1267973.2973882
   422.500 1285481.7249246
   423.000 1305873.7140553
   423.500 1326265.7031861
   424.000 1346657.6923168
   424.500 1367064.6489091
   425.000 1387474.2812785
   425.500 1407883.9136479
   426.000 1429085.8352957
   426.500 1450895.2334637
   427.000 1472704.6316318
   427.500 1494839.1239206
   428.000 1517794.4649012
   428.500 1540749.8058818
   429.000 1563706.4435664
   429.500 1587610.2222523
   430.000 1611514.0009382
   430.500 1635417.7796240
   431.000 1661864.4526952
   431.500 1689304.7297341
   432.000 1716745.0067731
   432.500 1743695.2228528
   433.000 1770013.3568579
   433.500 1796331.4908629
   434.000 1823177.2683301
   434.500 1852912.9017951
   435.000 1882648.5352602
   435.500 1912384.1687252
   436.000 1942423.4407462
   436.500 1972507.2554544
   437.000 2002591.0701625
   437.500 2034150.4347771
   438.000 2066735.8438165
   438.500 2099321.2528560
   439.000 2132343.3688729
   439.500 2166348.8726886
   440.000 2200354.3765042
   440.500 2234345.3107704
   441.000 2267772.5523033
   441.500 2301199.7938362
   442.000 2334627.0353691
   442.500 2366994.1130842
   443.000 2398994.2376374
   443.500 2430994.3621907
   444.000 2462984.3250652
   444.500 2494962.3852404
   445.000 2526940.4454156
   445.500 2558893.9982310
   446.000 2590734.5485742
   446.500 2622575.0989174
   447.000 2654415.6492606
   447.500 2687877.4999447
   448.000 2721527.7424817
   448.500 2755177.9850187
   449.000 2787774.6869929
   449.500 2819707.8746688
   450.000 2851641.0623448
   450.500 2883824.1735205
   451.000 2916511.8472337
   451.500 2949199.5209468
   452.000 2981723.8277011
   452.500 3011072.4255303
   453.000 3040421.0233595
   453.500 3069769.6211887
   454.000 3096995.7867088
   454.500 3123575.7595976
   455.000 3150155.7324864
   455.500 3176715.2152509
   456.000 3203252.8774222
   456.500 3229790.5395935
   457.000 3256292.0533197
   457.500 3282650.7213227
   458.000 3309009.3893257
   458.500 3335368.0573287
   459.000 3361016.6134259
   459.500 3386603.1092748
   460.000 3412189.6051238
   460.500 3436526.1879970
   461.000 3460151.4348988
   461.500 3483776.6818007
   462.000 3507313.0732511
   462.500 3530688.0092869
   463.000 3554062.9453227
   463.500 3577585.4999261
   464.000 3602992.1767846
   464.500 3628398.8536431
   465.000 3653805.5305016
   465.500 3677481.0593947
   466.000 3700697.3302397
   466.500 3723913.6010848
   467.000 3746143.3648844
   467.500 3767417.7225433
   468.000 3788692.0802023
   468.500 3810194.2111473
   469.000 3832477.8281680
   469.500 3854761.4451887
   470.000 3877045.0622094
   470.500 3896278.5940979
   471.000 3915328.9946666
   471.500 3934379.3952353
   472.000 3953342.3930739
   472.500 3972260.5726503
   473.000 3991178.7522267
   473.500 4009577.5126698
   474.000 4027124.1473656
   474.500 4044670.7820614
   475.000 4061957.4317598
   475.500 4076806.7573081
   476.000 4091656.0828565
   476.500 4106505.4084048
   477.000 4124041.2654294
   477.500 4142190.7452118
   478.000 4160340.2249943
   478.500 4177674.6714307
   479.000 4194291.3793601
   479.500 4210908.0872895
   480.000 4228544.1678630
   480.500 4249247.9464627
   481.000 4269951.7250624
   481.500 4290655.5036621
   482.000 4308394.3710004
   482.500 4326032.6513714
   483.000 4343670.9317425
   483.500 4362766.4975590
   484.000 4382532.6268866
   484.500 4402298.7562142
   485.000 4420896.0841736
   485.500 4437758.6405106
   486.000 4454621.1968475
   486.500 4471179.4250697
   487.000 4485510.4452330
   487.500 4499841.4653964
   488.000 4514172.4855598
   488.500 4527394.8767988
   489.000 4540402.7780200
   489.500 4553410.6792412
   490.000 4566267.2579285
   490.500 4579002.7839056
   491.000 4591738.3098827
   491.500 4605832.0361987
   492.000 4623538.2451045
   492.500 4641244.4540104
   493.000 4658950.6629162
   493.500 4677774.8013478
   494.000 4696609.1858704
   494.500 4715443.5703929
   495.000 4731493.4591276
   495.500 4746398.2357594
   496.000 4761303.0123912
   496.500 4775741.8883805
   497.000 4789553.6932348
   497.500 4803365.4980891
   498.000 4817238.5878022
   498.500 4831476.1433841
   499.000 4845713.6989660
   499.500 4859951.2545479
   500.000 4874955.2371680
   500.500 4890082.3103430
   501.000 4905209.3835181
   501.500 4918314.2477292
   502.000 4929950.5214317
   502.500 4941586.7951341
   503.000 4952549.8039808
   503.500 4961918.9834942
   504.000 4971288.1630077
   504.500 4980688.5133143
   505.000 4992185.6244224
   505.500 5003682.7355304
   506.000 5015179.8466385
   506.500 5023343.3900046
   507.000 5030288.4629007
   507.500 5037233.5357968
   508.000 5044850.9524387
   508.500 5053290.1225477
   509.000 5061729.2926566
   509.500 5070268.7000566
   510.000 5079305.6743269
   510.500 5088342.6485972
   511.000 5097379.6228675
   511.500 5105842.1150437
   512.000 5114230.2147944
   512.500 5122618.3145450
   513.000 5131643.1810182
   513.500 5141087.2306686
   514.000 5150531.2803189
   514.500 5158736.8770424
   515.000 5164319.2473367
   515.500 5169901.6176311
   516.000 5175628.7826879
   516.500 5184983.9131509
   517.000 5194339.0436139
   517.500 5203694.1740769
   518.000 5210741.3332635
   518.500 5217043.8121371
   519.000 5223346.2910107
   519.500 5230180.7937827
   520.000 5237606.3247095
   520.500 5245031.8556364
   521.000 5253273.3138296
   521.500 5264961.6495478
   522.000 5276649.9852660
   522.500 5288338.3209841
   523.000 5297342.1461139
   523.500 5306077.4912456
   524.000 5314812.8363773
   524.500 5320416.3663656
   525.000 5324154.8608105
   525.500 5327893.3552554
   526.000 5333438.1515819
   526.500 5342419.4277592
   527.000 5351400.7039365
   527.500 5360294.7429517
   528.000 5367873.6502296
   528.500 5375452.5575075
   529.000 5383031.4647854
   529.500 5386680.9745430
   530.000 5389221.4356336
   530.500 5391761.8967241
   531.000 5395277.7425804
   531.500 5399778.5451579
   532.000 5404279.3477353
   532.500 5407967.1975174
   533.000 5408690.9421739
   533.500 5409414.6868305
   534.000 5410138.4314870
   534.500 5414727.0498055
   535.000 5419593.6087028
   535.500 5424460.1676002
   536.000 5428750.3849501
   536.500 5432731.0631991
   537.000 5436711.7414482
   537.500 5440512.3203035
   538.000 5444003.9459446
   538.500 5447495.5715856
   539.000 5451051.0415746
   539.500 5455285.5841288
   540.000 5459520.1266831
   540.500 5463754.6692373
   541.000 5465184.0920749
   541.500 5465928.0004328
   542.000 5466671.9087906
   542.500 5467418.1433790
   543.000 5468166.5141954
   543.500 5468914.8850117
   544.000 5469997.7802036
   544.500 5472146.0407758
   545.000 5474294.3013479
   545.500 5476442.5619201
   546.000 5478919.5331028
   546.500 5481411.4029786
   547.000 5483903.2728545
   547.500 5484987.1026416
   548.000 5485390.8724968
   548.500 5485794.6423520
   549.000 5485971.3337825
   549.500 5485795.8104152
   550.000 5485620.2870480
   550.500 5485601.1868728
   551.000 5486851.9974599
   551.500 5488102.8080469
   552.000 5489353.6186339
   552.500 5490256.5619671
   553.000 5491086.9097986
   553.500 5491917.2576302
   554.000 5490749.1174177
   554.500 5487912.6465807
   555.000 5485076.1757437
   555.500 5482321.8504939
   556.000 5479798.0824574
   556.500 5477274.3144209
   557.000 5474750.5463844
   557.500 5471028.3892808
   558.000 5467282.2380169
   558.500 5463536.0867529
   559.000 5460336.7918992
   559.500 5457374.0500146
   560.000 5454411.3081299
   560.500 5449041.8249987
   561.000 5440289.7869668
   561.500 5431537.7489348
   562.000 5422865.6554498
   562.500 5414712.9090654
   563.000 5406560.1626810
   563.500 5398407.4162966
   564.000 5392535.2284961
   564.500 5387062.1057966
   565.000 5381588.9830972
   565.500 5375383.9696885
   566.000 5368624.0061816
   566.500 5361864.0426747
   567.000 5355442.8871059
   567.500 5349865.8056512
   568.000 5344288.7241966
   568.500 5338713.0955161
   569.000 5333490.2110182
   569.500 5328267.3265202
   570.000 5323044.4420223
   570.500 5318014.4726316
   571.000 5313058.8298407
   571.500 5308103.1870498
   572.000 5303543.4720639
   572.500 5299488.5847829
   573.000 5295433.6975020
   573.500 5291726.9682552
   574.000 5289886.4520426
   574.500 5288045.9358300
   575.000 5286205.4196173
   575.500 5282227.1284396
   576.000 5277943.1682895
   576.500 5273659.2081394
   577.000 5270945.4075926
   577.500 5269311.1561279
   578.000 5267676.9046633
   578.500 5265077.3009144
   579.000 5260331.5592380
   579.500 5255585.8175615
   580.000 5250844.2303663
   580.500 5246247.2370169
   581.000 5241650.2436676
   581.500 5237053.2503183
   582.000 5233223.9852099
   582.500 5229656.6628380
   583.000 5226089.3404661
   583.500 5218523.7184723
   584.000 5206326.0013814
   584.500 5194128.2842904
   585.000 5182486.1063050
   585.500 5173358.3953787
   586.000 5164230.6844525
   586.500 5155102.9735262
   587.000 5149088.2973575
   587.500 5143424.7764291
   588.000 5137761.2555007
   588.500 5130834.7579465
   589.000 5123121.9769139
   589.500 5115409.1958814
   590.000 5106975.9485475
   590.500 5097105.9820258
   591.000 5087236.0155040
   591.500 5077369.5154930
   592.000 5067566.6511248
   592.500 5057763.7867567
   593.000 5047960.9223885
   593.500 5036628.9165036
   594.000 5024838.4400689
   594.500 5013047.9636342
   595.000 5002060.6314810
   595.500 4991919.2819905
   596.000 4981777.9325001
   596.500 4971502.1426065
   597.000 4960703.9847189
   597.500 4949905.8268313
   598.000 4939107.6689438
   598.500 4926115.2217286
   599.000 4912938.0776372
   599.500 4899760.9335459
   600.000 4886203.6044915
   600.500 4872432.4575923
   601.000 4858661.3106932
   601.500 4844673.4825537
   602.000 4830296.5982336
   602.500 4815919.7139135
   603.000 4801161.6448629
   603.500 4781728.6297978
   604.000 4762295.6147327
   604.500 4742862.5996676
   605.000 4722184.6339395
   605.500 4701181.8251435
   606.000 4680179.0163474
   606.500 4655901.8059233
   607.000 4628487.9317637
   607.500 4601074.0576042
   608.000 4573439.5414816
   608.500 4545059.7103353
   609.000 4516679.8791890
   609.500 4488300.0480426
   610.000 4459990.9728852
   610.500 4431685.9292376
   611.000 4403380.8855901
   611.500 4376921.3499789
   612.000 4351396.6506502
   612.500 4325871.9513215
   613.000 4300667.3818578
   613.500 4275981.7225978
   614.000 4251296.0633379
   614.500 4226937.8495303
   615.000 4205552.4262379
   615.500 4184167.0029454
   616.000 4162781.5796529
   616.500 4142719.6914292
   617.000 4122954.4711209
   617.500 4103189.2508127
   618.000 4085300.3579115
   618.500 4069045.1101102
   619.000 4052789.8623090
   619.500 4038156.4074716
   620.000 4028330.5697060
   620.500 4018504.7319404
   621.000 4008678.8941749
   621.500 4004370.1944243
   622.000 4000232.5863850
   622.500 3996094.9783458
   623.000 3995764.2586391
   623.500 3997163.1567375
   624.000 3998562.0548359
   624.500 3998892.0866501
   625.000 3997653.5891430
   625.500 3996415.0916359
   626.000 3995696.6994130
   626.500 3998688.4472779
   627.000 4001680.1951427
   627.500 4004671.9430076
   628.000 4004887.2070468
   628.500 4004576.0745244
   629.000 4004264.9420019
   629.500 4003031.0247704
   630.000 4001067.0472062
   630.500 3999103.0696420
   631.000 3996273.0955284
   631.500 3991171.1832648
   632.000 3986069.2710012
   632.500 3980967.3587376
   633.000 3973518.8870856
   633.500 3966055.4252616
   634.000 3958591.9634376
   634.500 3952588.1967309
   635.000 3947176.8047072
   635.500 3941765.4126835
   636.000 3934124.8293404
   636.500 3923517.2356043
   637.000 3912909.6418682
   637.500 3901864.2499699
   638.000 3888271.9319628
   638.500 3874679.6139557
   639.000 3861087.2959486
   639.500 3847720.4783645
   640.000 3834389.0489029
   640.500 3821057.6194412
   641.000 3807397.8732755
   641.500 3793502.3560055
   642.000 3779606.8387355
   642.500 3764553.1318123
   643.000 3746793.2081284
   643.500 3729033.2844444
   644.000 3711261.7913351
   644.500 3692836.3002312
   645.000 3674410.8091273
   645.500 3655985.3180234
   646.000 3636873.7250104
   646.500 3617514.8363390
   647.000 3598155.9476677
   647.500 3579212.8684094
   648.000 3560772.4198057
   648.500 3542331.9712021
   649.000 3523779.9197481
   649.500 3504684.5640421
   650.000 3485589.2083360
   650.500 3466493.8526299
   651.000 3448178.9969959
   651.500 3429962.4976980
   652.000 3411745.9984000
   652.500 3395768.3891478
   653.000 3381247.8806596
   653.500 3366727.3721714
   654.000 3351173.6558276
   654.500 3333458.6872810
   655.000 3315743.7187344
   655.500 3298017.7100084
   656.000 3280034.2102024
   656.500 3262050.7103965
   657.000 3244067.2105905
   657.500 3227664.8614965
   658.000 3211764.8749522
   658.500 3195864.8884079
   659.000 3178926.8648239
   659.500 3160848.7017391
   660.000 3142770.5386543
   660.500 3125549.8295645
   661.000 3111886.1122215
   661.500 3098222.3948786
   662.000 3084558.6775357
   662.500 3071480.9506782
   663.000 3058459.8273578
   663.500 3045438.7040374
   664.000 3034980.4337597
   664.500 3026029.9816012
   665.000 3017079.5294427
   665.500 3007779.8015162
   666.000 2997823.5607970
   666.500 2987867.3200778
   667.000 2977989.9635297
   667.500 2969248.4205390
   668.000 2960506.8775483
   668.500 2951765.3345576
   669.000 2943807.4465973
   669.500 2936067.2297088
   670.000 2928327.0128204
   670.500 2919430.9207037
   671.000 2909380.3072513
   671.500 2899329.6937988
   672.000 2889370.3678580
   672.500 2879738.5643986
   673.000 2870106.7609393
   673.500 2860474.9574799
   674.000 2851077.2787107
   674.500 2841695.7034792
   675.000 2832314.1282478
   675.500 2820938.8954406
   676.000 2808505.7431028
   676.500 2796072.5907651
   677.000 2782559.2809735
   677.500 2767214.6216280
   678.000 2751869.9622825
   678.500 2736510.2152627
   679.000 2720995.4040278
   679.500 2705480.5927928
   680.000 2689965.7815579
   680.500 2672466.4452676
   681.000 2654490.5055375
   681.500 2636514.5658074
   682.000 2618474.9254391
   682.500 2600377.4250342
   683.000 2582279.9246293
   683.500 2564300.2283258
   684.000 2546690.1275537
   684.500 2529080.0267816
   685.000 2511469.9260095
   685.500 2492268.3395164
   686.000 2472999.3611199
   686.500 2453730.3827233
   687.000 2433825.1945414
   687.500 2413616.5380803
   688.000 2393407.8816192
   688.500 2373839.4473821
   689.000 2355252.7293057
   689.500 2336666.0112293
   690.000 2317736.2745442
   690.500 2296097.8546468
   691.000 2274459.4347494
   691.500 2252821.0148520
   692.000 2233519.6298534
   692.500 2214696.6493914
   693.000 2195873.6689295
   693.500 2176456.3096783
   694.000 2156548.2092733
   694.500 2136640.1088683
   695.000 2117789.0915053
   695.500 2101863.5274940
   696.000 2085937.9634827
   696.500 2070012.3994714
   697.000 2054308.6666925
   697.500 2038608.7460684
   698.000 2022908.8254442
   698.500 2008252.2337384
   699.000 1994041.1214874
   699.500 1979830.0092364
   700.000 1965383.7559608
   700.500 1950610.7197256
   701.000 1935837.6834904
   701.500 1921548.0392630
   702.000 1910323.3447181
   702.500 1899098.6501732
   703.000 1887873.9556284
   703.500 1875595.5109044
   704.000 1863136.7813109
   704.500 1850678.0517174
   705.000 1838096.3708192
   705.500 1825422.5341989
   706.000 1812748.6975785
   706.500 1799044.2639860
   707.000 1782807.5261332
   707.500 1766570.7882804
   708.000 1750332.5835996
   708.500 1733884.2921591
   709.000 1717436.0007186
   709.500 1700987.7092782
   710.000 1684023.3389664
   710.500 1666862.8308871
   711.000 1649702.3228079
   711.500 1630689.1694414
   712.000 1609339.8590075
   712.500 1587990.5485735
   713.000 1566459.2142123
   713.500 1543971.9768635
   714.000 1521484.7395147
   714.500 1498997.5021659
   715.000 1473752.3102754
   715.500 1448122.5946922
   716.000 1422492.8791090
   716.500 1396081.7905068
   717.000 1369139.5320991
   717.500 1342197.2736914
   718.000 1315204.5402115
   718.500 1288101.0135122
   719.000 1260997.4868130
   719.500 1233890.8787512
   720.000 1206686.8640978
   720.500 1179482.8494445
   721.000 1152278.8347911
   721.500 1127306.3668521
   722.000 1103084.3487654
   722.500 1078862.3306787
   723.000 1055629.8919632
   723.500 1033531.3636722
   724.000 1011432.8353812
   724.500 987402.4659507
   725.000 954787.1625712
   725.500 922171.8591918
   726.000 889556.5558124
   726.500 879601.6085044
   727.000 872126.2881102
   727.500 864650.9677159
   728.000 859651.6754900
   728.500 856176.1227506
   729.000 852700.5700112
   729.500 850767.1096748
   730.000 851871.3202366
   730.500 852975.5307985
   731.000 854259.5429362
   731.500 858669.2576457
   732.000 863078.9723552
   732.500 867488.6870647
   733.000 873214.7416615
   733.500 879329.4043748
   734.000 885444.0670882
   734.500 892142.7364535
   735.000 899449.8676137
   735.500 906756.9987738
   736.000 914339.8977848
   736.500 922976.5316819
   737.000 931613.1655790
   737.500 940249.7994761
   738.000 947633.3879632
   738.500 954915.5210920
   739.000 962197.6542208
   739.500 968244.3121496
   740.000 973604.3445816
   740.500 978964.3770136
   741.000 983667.6765490
   741.500 987205.7243669
   742.000 990743.7721847
   742.500 993521.4122392
   743.000 987326.2406868
   743.500 981131.0691345
   744.000 974935.8975821
   744.500 971119.6979797
   745.000 967913.5661716
   745.500 964707.4343635
   746.000 960303.3789624
   746.500 954764.7242336
   747.000 949226.0695048
   747.500 942827.6003859
   748.000 933570.8293755
   748.500 924314.0583650
   749.000 915057.2873545
   749.500 904572.9108579
   750.000 894022.4607355
   750.500 883472.0106132
   751.000 872000.2629243
   751.500 860067.7315610
   752.000 848135.2001977
   752.500 836260.0121627
   753.000 824476.7045850
   753.500 812693.3970072
   754.000 800854.0322229
   754.500 788520.8919125
   755.000 776187.7516021
   755.500 763854.6112917
   756.000 751574.1506235
   756.500 739305.2828587
   757.000 727036.4150939
   757.500 715922.1502286
   758.000 705802.1620743
   758.500 695682.1739199
   759.000 685508.0383039
   759.500 675175.6908403
   760.000 664843.3433766
   760.500 654510.9959130
   761.000 645898.0847977
   761.500 637333.5113414
   762.000 628768.9378851
   762.500 620101.3647364
   763.000 611387.5881541
   763.500 602673.8115718
   764.000 594744.9919816
   764.500 587955.0928157
   765.000 581165.1936497
   765.500 574390.5882464
   766.000 567722.3737124
   766.500 561054.1591785
   767.000 554385.9446445
   767.500 549501.9394483
   768.000 544949.3227695
   768.500 540396.7060907
   769.000 536616.2692115
   769.500 533440.0007541
   770.000 530263.7322966
   770.500 527208.3999172
   771.000 524466.0435692
   771.500 521723.6872213
   772.000 518981.3308734
   772.500 515406.3059317
   773.000 511828.2614817
   773.500 508250.2170317
   774.000 504877.9212703
   774.500 501588.0150679
   775.000 498298.1088654
   775.500 495290.6879510
   776.000 492655.0793948
   776.500 490019.4708387
   777.000 487319.2026007
   777.500 484250.8388686
   778.000 481182.4751366
   778.500 478114.1114046
   779.000 472981.4034687
   779.500 467532.2664836
   780.000 462083.1294985
   780.500 456273.5322391
   781.000 450207.9768561
   781.500 444142.4214730
   782.000 438311.5552566
   782.500 433021.9821518
   783.000 427732.4090470
   783.500 422461.4256390
   784.000 418095.9223238
   784.500 413730.4190087
   785.000 409364.9156935
   785.500 404364.2134823
   786.000 399137.7655716
   786.500 393911.3176608
   787.000 388784.6725423
   787.500 383777.3456607
   788.000 378770.0187791
   788.500 373901.9215126
   789.000 369698.2649558
   789.500 365494.6083990
   790.000 361290.9518422
   790.500 356956.4013919
   791.000 352605.8245872
   791.500 348255.2477825
   792.000 344103.7685799
   792.500 340080.3354334
   793.000 336056.9022870
   793.500 331916.9919768
   794.000 327536.5621511
   794.500 323156.1323255
   795.000 318854.1956120
   795.500 316259.9166038
   796.000 313665.6375955
   796.500 311071.3585873
   797.000 309316.3857946
   797.500 307824.1066204
   798.000 306331.8274462
   798.500 304645.3295292
   799.000 302747.8343327
   799.500 300850.3391363
   800.000 298879.1315283
   800.500 296607.4096046
   801.000 294335.6876808
   801.500 292063.9657571
   802.000 289727.1558515
   802.500 287384.2721765
   803.000 285041.3885015
   803.500 282956.1827745
   804.000 281020.8083297
   804.500 279085.4338848
   805.000 277223.9838869
   805.500 275499.8221475
   806.000 273775.6604081
   806.500 272088.3214015
   807.000 270908.2645400
   807.500 269728.2076785
   808.000 268548.1508170
   808.500 266980.4463755
   809.000 265306.7920222
   809.500 263633.1376688
   810.000 261976.8072957
   810.500 260337.5923790
   811.000 258698.3774622
   811.500 257166.8346557
   812.000 256015.4790463
   812.500 254864.1234370
   813.000 253712.7678276
   813.500 252204.8709051
   814.000 250673.5608070
   814.500 249142.2507090
   815.000 247302.9241287
   815.500 245302.1157874
   816.000 243301.3074460
   816.500 241202.2558992
   817.000 238938.5756975
   817.500 236674.8954958
   818.000 234448.8783585
   818.500 232597.2387441
   819.000 230745.5991297
   819.500 228893.9595153
   820.000 227549.4663461
   820.500 226324.5682429
   821.000 225099.6701396
   821.500 223709.4116483
   822.000 222170.5924449
   822.500 220631.7732415
   823.000 218991.0005378
   823.500 217035.2468073
   824.000 215079.4930767
   824.500 213123.7393462
   825.000 211136.1793253
   825.500 209147.3666823
   826.000 207158.5540393
   826.500 205463.4915905
   827.000 203906.7389941
   827.500 202349.9863976
   828.000 200634.2819823
   828.500 198677.6113589
   829.000 196720.9407355
   829.500 194755.5663080
   830.000 192723.3643835
   830.500 190691.1624591
   831.000 188658.9605346
   831.500 186974.1721491
   832.000 185359.1272447
   832.500 183744.0823402
   833.000 181832.3664494
   833.500 179678.4938480
   834.000 177524.6212467
   834.500 175470.3594505
   835.000 173687.9416498
   835.500 171905.5238491
   836.000 170123.1060485
   836.500 168337.8546131
   837.000 166552.5627612
   837.500 164767.2709092
   838.000 163229.9177932
   838.500 161797.0541402
   839.000 160364.1904872
   839.500 158880.5850728
   840.000 157327.2773505
   840.500 155773.9696283
   841.000 154175.0575381
   841.500 152293.3470836
   842.000 150411.6366290
   842.500 148529.9261745
   843.000 146814.4889074
   843.500 145126.8775739
   844.000 143439.2662403
   844.500 141687.9899409
   845.000 139889.5062954
   845.500 138091.0226500
   846.000 136279.7660457
   846.500 134437.5382219
   847.000 132595.3103981
   847.500 130752.1410923
   848.000 128811.5388962
   848.500 126870.9367001
   849.000 124930.3345040
   849.500 122854.8140373
   850.000 120728.7173464
   850.500 118602.6206556
   851.000 116549.5038137
   851.500 114587.4356080
   852.000 112625.3674024
   852.500 110653.0925970
   853.000 108628.2899825
   853.500 106603.4873680
   854.000 104578.6847535
   854.500 102671.9337239
   855.000 100781.2092106
   855.500 98890.4846974
   856.000 97050.8038371
   856.500 95245.4299235
   857.000 93440.0560099
   857.500 91683.4035727
   858.000 90032.2992262
   858.500 88381.1948798
   859.000 86738.8650273
   859.500 85350.4826651
   860.000 83962.1003030
   860.500 82573.7179409
   861.000 81323.9613474
   861.500 80120.1250087
   862.000 78916.2886700
   862.500 77834.4596970
   863.000 76890.9057384
   863.500 75947.3517797
   864.000 75028.4843131
   864.500 74217.2809977
   865.000 73406.0776824
   865.500 72594.8743670
   866.000 71838.5281344
   866.500 71088.0006134
   867.000 70337.4730924
   867.500 69614.5636281
   868.000 68908.4470524
   868.500 68202.3304768
   869.000 67470.7541769
   869.500 66689.6354384
   870.000 65908.5166999
   870.500 65122.6610984
   871.000 64258.7685622
   871.500 63394.8760260
   872.000 62530.9834899
   872.500 61599.6331581
   873.000 60648.6763535
   873.500 59697.7195490
   874.000 58741.5315060
   874.500 57779.9545838
   875.000 56818.3776617
   875.500 55841.2524577
   876.000 54805.6911286
   876.500 53770.1297995
   877.000 52734.5684705
   877.500 51580.6199248
   878.000 50417.4764854
   878.500 49254.3330461
   879.000 48097.7030720
   879.500 46944.6500844
   880.000 45791.5970968
   880.500 44623.4525508
   881.000 43428.8572034
   881.500 42234.2618560
   882.000 41042.3989275
   882.500 39881.5958032
   883.000 38720.7926789
   883.500 37559.9895546
   884.000 36528.1355120
   884.500 35528.7946788
   885.000 34529.4538457
   885.500 33596.4512557
   886.000 32725.6203596
   886.500 31854.7894636
   887.000 31023.4123061
   887.500 30321.1983715
   888.000 29618.9844369
   888.500 28916.7705024
   889.000 28388.4178133
   889.500 27868.9152231
   890.000 27349.4126330
   890.500 26909.6049928
   891.000 26509.1680884
   891.500 26108.7311841
   892.000 25793.9185569
   892.500 25614.7821926
   893.000 25435.6458283
   893.500 25265.1265503
   894.000 25168.3027313
   894.500 25071.4789123
   895.000 24974.6550933
   895.500 24972.5491449
   896.000 24990.9166588
   896.500 25009.2841728
   897.000 25118.7198771
   897.500 25305.7200089
   898.000 25492.7201406
   898.500 25689.7348472
   899.000 25915.5794054
   899.500 26141.4239635
   900.000 26367.2685217
   900.500 26700.6733414
   901.000 27036.7919389
   901.500 27372.9105365
   902.000 27691.8285738
   902.500 28003.1326106
   903.000 28314.4366473
   903.500 28625.2531838
   904.000 28935.3703440
   904.500 29245.4875042
   905.000 29557.7856113
   905.500 29884.8730596
   906.000 30211.9605080
   906.500 30539.0479563
   907.000 30861.1983493
   907.500 31182.4506817
   908.000 31503.7030142
   908.500 31821.1259242
   909.000 32135.5869015
   909.500 32450.0478788
   910.000 32730.4772128
   910.500 32924.0207996
   911.000 33117.5643865
   911.500 33311.1079734
   912.000 33439.8359238
   912.500 33568.5132007
   913.000 33697.1904776
   913.500 33811.5963278
   914.000 33920.3636014
   914.500 34029.1308749
   915.000 34124.9757846
   915.500 34204.0071076
   916.000 34283.0384305
   916.500 34354.4467229
   917.000 34383.3754444
   917.500 34412.3041659
   918.000 34441.2328875
   918.500 34451.6364049
   919.000 34459.2698743
   919.500 34466.9033437
   920.000 34371.3510701
   920.500 34203.3492323
   921.000 34035.3473946
   921.500 33842.8369526
   922.000 33594.5510016
   922.500 33346.2650506
   923.000 33095.9260844
   923.500 32757.7989334
   924.000 32419.6717824
   924.500 32081.5446315
   925.000 31739.9467255
   925.500 31397.1333231
   926.000 31054.3199208
   926.500 30702.9761035
   927.000 30341.5456009
   927.500 29980.1150983
   928.000 29604.3666140
   928.500 29161.5731246
   929.000 28718.7796352
   929.500 28275.9861459
   930.000 27842.8622397
   930.500 27410.8902304
   931.000 26978.9182210
   931.500 26548.7868930
   932.000 26119.8258381
   932.500 25690.8647832
   933.000 25242.2806286
   933.500 24753.6578841
   934.000 24265.0351395
   934.500 23777.0754763
   935.000 23302.6576790
   935.500 22828.2398818
   936.000 22353.8220846
   936.500 21971.5460790
   937.000 21617.6920387
   937.500 21263.8379985
   938.000 20932.7629995
   938.500 20626.1653220
   939.000 20319.5676445
   939.500 19997.2472132
   940.000 19611.8819333
   940.500 19226.5166535
   941.000 18841.1513737
   941.500 18550.4078807
   942.000 18268.1857891
   942.500 17985.9636976
   943.000 17688.2588914
   943.500 17381.6605683
   944.000 17075.0622453
   944.500 16812.6951576
   945.000 16631.4921332
   945.500 16450.2891089
   946.000 16267.4843405
   946.500 16063.5640567
   947.000 15859.6437728
   947.500 15655.7234890
   948.000 15480.6982158
   948.500 15313.4427258
   949.000 15146.1872357
   949.500 14979.9527675
   950.000 14814.7156678
   950.500 14649.4785682
   951.000 14482.5208696
   951.500 14309.5831837
   952.000 14136.6454978
   952.500 13963.7078119
   953.000 13787.6462393
   953.500 13611.3895456
   954.000 13435.1328519
   954.500 13265.1841737
   955.000 13098.5026483
   955.500 12931.8211229
   956.000 12744.2873229
   956.500 12522.2304478
   957.000 12300.1735727
   957.500 12081.1846291
   958.000 11891.7165785
   958.500 11702.2485280
   959.000 11512.7804774
   959.500 11359.9944797
   960.000 11215.7061562
   960.500 11071.4178327
   961.000 10899.5905327
   961.500 10703.2920447
   962.000 10506.9935567
   962.500 10318.3046023
   963.000 10152.7808501
   963.500 9987.2570980
   964.000 9821.7333459
   964.500 9671.5400987
   965.000 9521.9054521
   965.500 9372.2708055
   966.000 9235.6100242
   966.500 9104.9814404
   967.000 8974.3528565
   967.500 8856.5156527
   968.000 8757.8499051
   968.500 8659.1841575
   969.000 8557.0254141
   969.500 8428.7501791
   970.000 8300.4749441
   970.500 8172.1997091
   971.000 8028.7633487
   971.500 7882.3429597
   972.000 7735.9225707
   972.500 7618.2154273
   973.000 7523.6876589
   973.500 7429.1598904
   974.000 7335.5013809
   974.500 7244.1824129
   975.000 7152.8634450
   975.500 7061.5444770
   976.000 6944.1854765
   976.500 6826.5281093
   977.000 6708.8707422
   977.500 6594.5324971
   978.000 6481.5747718
   978.500 6368.6170465
   979.000 6255.5647845
   979.500 6142.3841076
   980.000 6029.2034307
   980.500 5914.6726379
   981.000 5791.9573524
   981.500 5669.2420669
   982.000 5546.5267814
   982.500 5455.2856058
   983.000 5369.1947391
   983.500 5283.1038725
   984.000 5179.4920290
   984.500 5063.0330549
   985.000 4946.5740807
   985.500 4839.8082308
   986.000 4756.2377854
   986.500 4672.6673400
   987.000 4589.6881145
   987.500 4553.4152547
   988.000 4517.1423950
   988.500 4480.8695353
   989.000 4426.5761261
   989.500 4365.6202263
   990.000 4304.6643265
   990.500 4233.9425515
   991.000 4151.1805998
   991.500 4068.4186480
   992.000 3994.0306644
   992.500 3961.8882393
   993.000 3929.7458142
   993.500 3897.6033891
   994.000 3832.8179611
   994.500 3763.7157482
   995.000 3694.6135353
   995.500 3629.6468738
   996.000 3567.4282841
   996.500 3505.2096944
   997.000 3452.5543114
   997.500 3420.3563422
   998.000 3388.1583729
   998.500 3355.1585576
   999.000 3300.7689521
   999.500 3246.3793465
  1000.000 3191.9897410
  1000.500 3150.3237868
  1001.000 3112.8111501
  1001.500 3075.2985133
  1002.000 3035.4737496
  1002.500 2993.0571820
  1003.000 2950.6406143
  1003.500 2908.5764574
  1004.000 2868.0219567
  1004.500 2827.4674560
  1005.000 2786.9129552
  1005.500 2753.4143030
  1006.000 2720.6405349
  1006.500 2687.8667668
  1007.000 2656.9367824
  1007.500 2627.1149131
  1008.000 2597.2930437
  1008.500 2565.8679116
  1009.000 2531.3607069
  1009.500 2496.8535022
  1010.000 2462.6148475
  1010.500 2432.5863890
  1011.000 2402.5579305
  1011.500 2372.5294720
  1012.000 2346.2751815
  1012.500 2321.1007149
  1013.000 2295.9262483
  1013.500 2274.0217644
  1014.000 2255.4491570
  1014.500 2236.8765497
  1015.000 2218.9464247
  1015.500 2203.3917168
  1016.000 2187.8370088
  1016.500 2172.2823009
  1017.000 2157.4015318
  1017.500 2142.5709723
  1018.000 2127.7404128
  1018.500 2114.8514959
  1019.000 2103.0161788
  1019.500 2091.1808618
  1020.000 2079.9171966
  1020.500 2069.6437035
  1021.000 2059.3702103
  1021.500 2048.9604003
  1022.000 2037.0562026
  1022.500 2025.1520050
  1023.000 2013.2478074
  1023.500 2003.9198316
  1024.000 1995.2304173
  1024.500 1986.5410029
  1025.000 1979.0784909
  1025.500 1972.7532989
  1026.000 1966.4281070
  1026.500 1960.1165959
  1027.000 1953.8491977
  1027.500 1947.5817995
  1028.000 1941.3144013
  1028.500 1929.0434214
  1029.000 1916.4849178
  1029.500 1903.9264143
  1030.000 1889.1074107
  1030.500 1873.1854203
  1031.000 1857.2634298
  1031.500 1840.3707343
  1032.000 1821.9587592
  1032.500 1803.5467841
  1033.000 1785.2506132
  1033.500 1767.9166703
  1034.000 1750.5827274
  1034.500 1733.2487845
  1035.000 1720.2634085
  1035.500 1708.1992077
  1036.000 1696.1350069
  1036.500 1684.9925742
  1037.000 1674.6266292
  1037.500 1664.2606842
  1038.000 1654.6515672
  1038.500 1647.1903899
  1039.000 1639.7292127
  1039.500 1632.2680355
  1040.000 1622.8302040
  1040.500 1613.3481661
  1041.000 1603.8661283
  1041.500 1592.9785897
  1042.000 1581.4768594
  1042.500 1569.9751291
  1043.000 1556.1093667
  1043.500 1538.8901855
  1044.000 1521.6710043
  1044.500 1503.4877447
  1045.000 1478.9232045
  1045.500 1454.3586642
  1046.000 1429.7941240
  1046.500 1402.0517305
  1047.000 1373.7433782
  1047.500 1345.4350259
  1048.000 1320.7113019
  1048.500 1298.7294906
  1049.000 1276.7476793
  1049.500  0.0000000
  1050.000  0.0000000
  1050.500  0.0000000
  1051.000  0.0000000
  1051.500  0.0000000
  1052.000  0.0000000
  1052.500  0.0000000
  1053.000  0.0000000
  1053.500  0.0000000
  1054.000  0.0000000
  1054.500  0.0000000
  1055.000  0.0000000
  1055.500  0.0000000
  1056.000  0.0000000
  1056.500  0.0000000
  1057.000  0.0000000
  1057.500  0.0000000
  1058.000  0.0000000
  1058.500  0.0000000
  1059.000  0.0000000
  1059.500  0.0000000
  1060.000  0.0000000
  1060.500  0.0000000
  1061.000  0.0000000
  1061.500  0.0000000
  1062.000  0.0000000
