   115.000  0.0000000
   115.500  0.0000000
   116.000  0.0000000
   116.500  0.0000000
   117.000  0.0000000
   117.500  0.0000000
   118.000  0.0000000
   118.500  0.0000000
   119.000  0.0000000
   119.500  0.0000000
   120.000  0.0000000
   120.500  0.0000000
   121.000  0.0000000
   121.500  0.0000000
   122.000  0.0000000
   122.500  0.0000000
   123.000  0.0000000
   123.500  0.0000000
   124.000  0.0000000
   124.500  0.0000000
   125.000  0.0000000
   125.500  0.0000000
   126.000  0.0000000
   126.500  0.0000000
   127.000  0.0000000
   127.500  0.0000000
   128.000  0.0000000
   128.500  0.0000000
   129.000  0.0000000
   129.500  0.0000000
   130.000  0.0000000
   130.500  0.0000000
   131.000  0.0000000
   131.500  0.0000000
   132.000  0.0000000
   132.500  0.0000000
   133.000  0.0000000
   133.500  0.0000000
   134.000  0.0000000
   134.500  0.0000000
   135.000  0.0000000
   135.500  0.0000000
   136.000  0.0000000
   136.500  0.0000000
   137.000  0.0000000
   137.500  0.0000000
   138.000  0.0000000
   138.500  0.0000000
   139.000  0.0000000
   139.500  0.0000000
   140.000  0.0000000
   140.500  0.0000000
   141.000  0.0000000
   141.500  0.0000000
   142.000  0.0000000
   142.500  0.0000000
   143.000  0.0000000
   143.500  0.0000000
   144.000  0.0000000
   144.500  0.0000000
   145.000  0.0000000
   145.500  0.0000000
   146.000  0.0000000
   146.500  0.0000000
   147.000  0.0000000
   147.500  0.0000000
   148.000  0.0000000
   148.500  0.0000000
   149.000  0.0000000
   149.500  0.0000000
   150.000  0.0000000
   150.500  0.0000000
   151.000  0.0000000
   151.500  0.0000000
   152.000  0.0000000
   152.500  0.0000000
   153.000  0.0000000
   153.500  0.0000000
   154.000  0.0000000
   154.500  0.0000000
   155.000  0.0000000
   155.500  0.0000000
   156.000  0.0000000
   156.500  0.0000000
   157.000  0.0000000
   157.500  0.0000000
   158.000  0.0000000
   158.500  0.0000000
   159.000  0.0000000
   159.500  0.0000000
   160.000  0.0000000
   160.500  0.0000000
   161.000  0.0000000
   161.500  0.0000000
   162.000  0.0000000
   162.500  0.0000000
   163.000  0.0000000
   163.500  0.0000000
   164.000  0.0000000
   164.500  0.0000000
   165.000  0.0000000
   165.500  0.0000000
   166.000  0.0000000
   166.500  0.0000000
   167.000  0.0000000
   167.500  0.0000000
   168.000  0.0000000
   168.500  0.0000000
   169.000  0.0000000
   169.500  0.0000000
   170.000  0.0000000
   170.500  0.0000000
   171.000  0.0000000
   171.500  0.0000000
   172.000  0.0000000
   172.500  0.0000000
   173.000  0.0000000
   173.500  0.0000000
   174.000  0.0000000
   174.500  0.0000000
   175.000  0.0000000
   175.500  0.0000000
   176.000  0.0000000
   176.500  0.0000000
   177.000  0.0000000
   177.500  0.0000000
   178.000  0.0000000
   178.500  0.0000000
   179.000  0.0000000
   179.500  0.0000000
   180.000  0.0000000
   180.500  0.0000000
   181.000  0.0000000
   181.500  0.0000000
   182.000  0.0000000
   182.500  0.0000000
   183.000  0.0000000
   183.500  0.0000000
   184.000  0.0000000
   184.500  0.0000000
   185.000  0.0000000
   185.500  0.0000000
   186.000  0.0000000
   186.500  0.0000000
   187.000  0.0000000
   187.500  0.0000000
   188.000  0.0000000
   188.500  0.0000000
   189.000  0.0000000
   189.500  0.0000000
   190.000  0.0000000
   190.500  0.0000000
   191.000  0.0000000
   191.500  0.0000000
   192.000  0.0000000
   192.500  0.0000000
   193.000  0.0000000
   193.500  0.0000000
   194.000  0.0000000
   194.500  0.0000000
   195.000  0.0000000
   195.500  0.0000000
   196.000  0.0000000
   196.500  0.0000000
   197.000  0.0000000
   197.500  0.0000000
   198.000  0.0000000
   198.500  0.0000000
   199.000  0.0000000
   199.500  0.0000000
   200.000  0.0000000
   200.500  0.0000000
   201.000  0.0000000
   201.500  0.0000000
   202.000  0.0000000
   202.500  0.0000000
   203.000  0.0000000
   203.500  0.0000000
   204.000  0.0000000
   204.500  0.0000000
   205.000  0.0000000
   205.500  0.0000000
   206.000  0.0000000
   206.500  0.0000000
   207.000  0.0000000
   207.500  0.0000000
   208.000  0.0000000
   208.500  0.0000000
   209.000  0.0000000
   209.500  0.0000000
   210.000  0.0000000
   210.500  0.0000000
   211.000  0.0000000
   211.500  0.0000000
   212.000  0.0000000
   212.500  0.0000000
   213.000  0.0000000
   213.500  0.0000000
   214.000  0.0000000
   214.500  0.0000000
   215.000  0.0000000
   215.500  0.0000000
   216.000  0.0000000
   216.500  0.0000000
   217.000  0.0000000
   217.500  0.0000000
   218.000  0.0000000
   218.500  0.0000000
   219.000  0.0000000
   219.500  0.0000000
   220.000  0.0000000
   220.500  0.0000000
   221.000  0.0000000
   221.500  0.0000000
   222.000  0.0000000
   222.500  0.0000000
   223.000  0.0000000
   223.500  0.0000000
   224.000  0.0000000
   224.500  0.0000000
   225.000  0.0000000
   225.500  0.0000000
   226.000  0.0000000
   226.500  0.0000000
   227.000  0.0000000
   227.500  0.0000000
   228.000  0.0000000
   228.500  0.0000000
   229.000  0.0000000
   229.500  0.0000000
   230.000  0.0000000
   230.500  0.0000000
   231.000  0.0000000
   231.500  0.0000000
   232.000  0.0000000
   232.500  0.0000000
   233.000  0.0000000
   233.500  0.0000000
   234.000  0.0000000
   234.500  0.0000000
   235.000  0.0000000
   235.500  0.0000000
   236.000  0.0000000
   236.500  0.0000000
   237.000  0.0000000
   237.500  0.0000000
   238.000  0.0000000
   238.500  0.0000000
   239.000  0.0000000
   239.500  0.0000000
   240.000  0.0000000
   240.500  0.0000000
   241.000  0.0000000
   241.500  0.0000000
   242.000  0.0000000
   242.500  0.0000000
   243.000  0.0000000
   243.500  0.0000000
   244.000  0.0000000
   244.500  0.0000000
   245.000  0.0000000
   245.500  0.0000000
   246.000  0.0000000
   246.500  0.0000000
   247.000  0.0000000
   247.500  0.0000000
   248.000  0.0000000
   248.500  0.0000000
   249.000  0.0000000
   249.500  0.0000000
   250.000  0.0000000
   250.500  0.0000000
   251.000  0.0000000
   251.500  0.0000000
   252.000  0.0000000
   252.500  0.0000000
   253.000  0.0000000
   253.500  0.0000000
   254.000  0.0000000
   254.500  0.0000000
   255.000  0.0000000
   255.500  0.0000000
   256.000  0.0000000
   256.500  0.0000000
   257.000  0.0000000
   257.500  0.0000000
   258.000  0.0000000
   258.500  0.0000000
   259.000  0.0000000
   259.500  0.0000000
   260.000  0.0000000
   260.500  0.0000000
   261.000  0.0000000
   261.500  0.0000000
   262.000  0.0000000
   262.500  0.0000000
   263.000  0.0000000
   263.500  0.0000000
   264.000  0.0000000
   264.500  0.0000000
   265.000  0.0000000
   265.500  0.0000000
   266.000  0.0000000
   266.500  0.0000000
   267.000  0.0000000
   267.500  0.0000000
   268.000  0.0000000
   268.500  0.0000000
   269.000  0.0000000
   269.500  0.0000000
   270.000  0.0000000
   270.500  0.0000000
   271.000  0.0000000
   271.500  0.0000000
   272.000  0.0000000
   272.500  0.0000000
   273.000  0.0000000
   273.500  0.0000000
   274.000  0.0000000
   274.500  0.0000000
   275.000  0.0000000
   275.500  0.0000000
   276.000  0.0000000
   276.500  0.0000000
   277.000  0.0000000
   277.500  0.0000000
   278.000  0.0000000
   278.500  0.0000000
   279.000  0.0000000
   279.500  0.0000000
   280.000  0.0000000
   280.500  0.0000000
   281.000  0.0000000
   281.500  0.0000000
   282.000  0.0000000
   282.500  0.0000000
   283.000  0.0000000
   283.500  0.0000000
   284.000  0.0000000
   284.500  0.0000000
   285.000  0.0000000
   285.500  0.0000000
   286.000  0.0000000
   286.500  0.0000000
   287.000  0.0000000
   287.500  0.0000000
   288.000  0.0000000
   288.500  0.0000000
   289.000  0.0000000
   289.500  0.0000000
   290.000  0.0000000
   290.500  0.0000000
   291.000  0.0000000
   291.500  0.0000000
   292.000  0.0000000
   292.500  0.0000000
   293.000  0.0000000
   293.500  0.0000000
   294.000  0.0000000
   294.500  0.0000000
   295.000  0.0000000
   295.500  0.0000000
   296.000  0.0000000
   296.500  0.0000000
   297.000  0.0000000
   297.500  0.0000000
   298.000  0.0000000
   298.500  0.0000000
   299.000  0.0000000
   299.500  0.0000000
   300.000  0.0000000
   300.500  0.0000000
   301.000  0.0000000
   301.500  0.0000000
   302.000  0.0000000
   302.500  0.0000000
   303.000  0.0000000
   303.500  0.0000000
   304.000  0.0000000
   304.500  0.0000000
   305.000  0.0000000
   305.500  0.0000000
   306.000  0.0000000
   306.500  0.0000000
   307.000  0.0000000
   307.500  0.0000000
   308.000  0.0000000
   308.500  0.0000000
   309.000  0.0000000
   309.500  0.0000000
   310.000  0.0000000
   310.500  0.0000000
   311.000  0.0000000
   311.500  0.0000000
   312.000  0.0000000
   312.500  0.0000000
   313.000  0.0000000
   313.500  0.0000000
   314.000  0.0000000
   314.500  0.0000000
   315.000  0.0000000
   315.500  0.0000000
   316.000  0.0000000
   316.500  0.0000000
   317.000  0.0000000
   317.500  0.0000000
   318.000  0.0000000
   318.500  0.0000000
   319.000  0.0000000
   319.500  0.0000000
   320.000  0.0000000
   320.500  0.0000000
   321.000  0.0000000
   321.500  0.0000000
   322.000  0.0000000
   322.500  0.0000000
   323.000  0.0000000
   323.500  0.0000000
   324.000  0.0000000
   324.500  0.0000000
   325.000  0.0000000
   325.500  0.0000000
   326.000  0.0000000
   326.500  0.0000000
   327.000  0.0000000
   327.500  0.0000000
   328.000  0.0000000
   328.500  0.0000000
   329.000  0.0000000
   329.500  0.0000000
   330.000  0.0000000
   330.500  0.0000000
   331.000  0.0000000
   331.500  0.0000000
   332.000  0.0000000
   332.500  0.0000000
   333.000  0.0000000
   333.500  0.0000000
   334.000  0.0000000
   334.500  0.0000000
   335.000  0.0000000
   335.500  0.0000000
   336.000  0.0000000
   336.500  0.0000000
   337.000  0.0000000
   337.500  0.0000000
   338.000  0.0000000
   338.500  0.0000000
   339.000  0.0000000
   339.500  0.0000000
   340.000  0.0000000
   340.500  0.0000000
   341.000  0.0000000
   341.500  0.0000000
   342.000  0.0000000
   342.500  0.0000000
   343.000  0.0000000
   343.500  0.0000000
   344.000  0.0000000
   344.500  0.0000000
   345.000  0.0000000
   345.500  0.0000000
   346.000  0.0000000
   346.500  0.0000000
   347.000  0.0000000
   347.500  0.0000000
   348.000  0.0000000
   348.500  0.0000000
   349.000  0.0000000
   349.500  0.0000000
   350.000  0.0000000
   350.500  0.0000000
   351.000  0.0000000
   351.500  0.0000000
   352.000  0.0000000
   352.500  0.0000000
   353.000  0.0000000
   353.500  0.0000000
   354.000  0.0000000
   354.500  0.0000000
   355.000  0.0000000
   355.500  0.0000000
   356.000  0.0000000
   356.500  0.0000000
   357.000  0.0000000
   357.500  0.0000000
   358.000  0.0000000
   358.500  0.0000000
   359.000  0.0000000
   359.500  0.0000000
   360.000  0.0000000
   360.500  0.0000000
   361.000  0.0000000
   361.500  0.0000000
   362.000  0.0000000
   362.500  0.0000000
   363.000  0.0000000
   363.500  0.0000000
   364.000  0.0000000
   364.500  0.0000000
   365.000  0.0000000
   365.500  0.0000000
   366.000  0.0000000
   366.500  0.0000000
   367.000  0.0000000
   367.500  0.0000000
   368.000  0.0000000
   368.500  0.0000000
   369.000  0.0000000
   369.500  0.0000000
   370.000  0.0000000
   370.500  0.0000000
   371.000  0.0000000
   371.500  0.0000000
   372.000  0.0000000
   372.500  0.0000000
   373.000  0.0000000
   373.500  0.0000000
   374.000  0.0000000
   374.500  0.0000000
   375.000  0.0000000
   375.500  0.0000000
   376.000  0.0000000
   376.500  0.0000000
   377.000  0.0000000
   377.500  0.0000000
   378.000  0.0000000
   378.500  0.0000000
   379.000  0.0000000
   379.500  0.0000000
   380.000  0.0000000
   380.500  0.0000000
   381.000  0.0000000
   381.500 334557.3303877
   382.000 353264.2525234
   382.500 371971.1746591
   383.000 391510.1701646
   383.500 413092.7026046
   384.000 434675.2350446
   384.500 456262.2203164
   385.000 478357.0789456
   385.500 500451.9375748
   386.000 522546.7962040
   386.500 548657.8069709
   387.000 576269.5202681
   387.500 603881.2335653
   388.000 632187.2009695
   388.500 661350.9638027
   389.000 690514.7266359
   389.500 719868.3994054
   390.000 750171.7330782
   390.500 780475.0667510
   391.000 810778.4004239
   391.500 845918.6186797
   392.000 881681.5757786
   392.500 917444.5328775
   393.000 954404.8649836
   393.500 992146.0603585
   394.000 1029887.2557333
   394.500 1068567.7288031
   395.000 1109202.4870103
   395.500 1149837.2452176
   396.000 1190574.3990133
   396.500 1233541.8220526
   397.000 1276509.2450918
   397.500 1319476.6681310
   398.000 1362076.3896207
   398.500 1404562.0438703
   399.000 1447047.6981199
   399.500 1491436.7595409
   400.000 1537866.7399657
   400.500 1584296.7203905
   401.000 1630520.4149996
   401.500 1675928.4469621
   402.000 1721336.4789246
   402.500 1766744.5108871
   403.000 1808877.6796630
   403.500 1850730.6814910
   404.000 1892583.6833191
   404.500 1935787.0441071
   405.000 1979748.2445226
   405.500 2023709.4449382
   406.000 2068198.5284349
   406.500 2113626.8271133
   407.000 2159055.1257917
   407.500 2204130.3906877
   408.000 2245098.3988008
   408.500 2286066.4069140
   409.000 2327034.4150271
   409.500 2368020.2636627
   410.000 2409010.6147017
   410.500 2450000.9657408
   411.000 2488917.4625927
   411.500 2525902.4819805
   412.000 2562887.5013684
   412.500 2600462.9216289
   413.000 2639937.9345498
   413.500 2679412.9474707
   414.000 2718887.9603917
   414.500 2757788.2550119
   415.000 2796662.3781165
   415.500 2835536.5012211
   416.000 2874470.8877359
   416.500 2913434.1867604
   417.000 2952397.4857849
   417.500 2991324.0470509
   418.000 3030194.3666796
   418.500 3069064.6863083
   419.000 3107822.8432260
   419.500 3145712.3371925
   420.000 3183601.8311589
   420.500 3221491.3251254
   421.000 3261852.4208768
   421.500 3302706.5631350
   422.000 3343560.7053932
   422.500 3387225.0928894
   423.000 3433160.8011567
   423.500 3479096.5094241
   424.000 3525142.0308200
   424.500 3571480.9254524
   425.000 3617819.8200848
   425.500 3664158.7147172
   426.000 3714750.2849082
   426.500 3765377.4511845
   427.000 3816004.6174607
   427.500 3868725.5599415
   428.000 3922297.4133507
   428.500 3975869.2667600
   429.000 4031417.1349045
   429.500 4089581.4514669
   430.000 4147745.7680293
   430.500 4206813.2888708
   431.000 4271014.6878569
   431.500 4335216.0868429
   432.000 4399417.4858290
   432.500 4466675.8778229
   433.000 4534395.3263986
   433.500 4602114.7749743
   434.000 4673153.6524149
   434.500 4746515.6897134
   435.000 4819877.7270119
   435.500 4893113.5497128
   436.000 4966065.2894157
   436.500 5039017.0291187
   437.000 5112119.7747149
   437.500 5190674.0363201
   438.000 5269228.2979253
   438.500 5347782.5595306
   439.000 5425672.1755791
   439.500 5503335.7199278
   440.000 5580999.2642764
   440.500 5660220.8815500
   441.000 5741231.3243302
   441.500 5822241.7671104
   442.000 5902632.0234927
   442.500 5980287.6265976
   443.000 6057943.2297025
   443.500 6135598.8328074
   444.000 6207443.1947982
   444.500 6278671.8500423
   445.000 6349900.5052865
   445.500 6422872.5494050
   446.000 6496897.1797190
   446.500 6570921.8100330
   447.000 6644972.8192343
   447.500 6719074.3848602
   448.000 6793175.9504862
   448.500 6867105.0292327
   449.000 6938433.8059542
   449.500 7009762.5826756
   450.000 7081091.3593970
   450.500 7149751.9401877
   451.000 7217666.2801094
   451.500 7285580.6200311
   452.000 7352007.2150021
   452.500 7416950.7066756
   453.000 7481894.1983491
   453.500 7546133.2442709
   454.000 7607876.4146991
   454.500 7669619.5851273
   455.000 7731362.7555554
   455.500 7788165.5658946
   456.000 7844649.9750679
   456.500 7901134.3842411
   457.000 7954026.8635343
   457.500 8005058.9505223
   458.000 8056091.0375103
   458.500 8109211.4854567
   459.000 8165766.5105163
   459.500 8222321.5355760
   460.000 8278272.6901860
   460.500 8328625.4699453
   461.000 8378978.2497045
   461.500 8429331.0294638
   462.000 8480473.5670464
   462.500 8531793.3586791
   463.000 8583113.1503117
   463.500 8634134.5218362
   464.000 8684897.5960964
   464.500 8735660.6703565
   465.000 8785779.9937857
   465.500 8834022.2225665
   466.000 8882264.4513473
   466.500 8930506.6801281
   467.000 8978215.6285716
   467.500 9025910.7387442
   468.000 9073605.8489167
   468.500 9120576.1417195
   469.000 9167226.9111671
   469.500 9213877.6806147
   470.000 9260837.9399370
   470.500 9308237.5696637
   471.000 9355637.1993905
   471.500 9401931.1140882
   472.000 9440993.0996111
   472.500 9480055.0851339
   473.000 9519117.0706567
   473.500 9558960.1953147
   474.000 9598939.0611723
   474.500 9638917.9270298
   475.000 9675153.4123796
   475.500 9708579.7618963
   476.000 9742006.1114130
   476.500 9774829.1311373
   477.000 9806179.5071746
   477.500 9837529.8832119
   478.000 9868937.7559099
   478.500 9906060.3095170
   479.000 9943182.8631241
   479.500 9980305.4167312
   480.000 10019080.8296389
   480.500 10058470.0605826
   481.000 10097859.2915264
   481.500 10135103.9444202
   482.000 10169711.8827253
   482.500 10204319.8210304
   483.000 10238993.9705483
   483.500 10273996.3260712
   484.000 10308998.6815941
   484.500 10344001.0371170
   485.000 10375558.1299003
   485.500 10406677.2172124
   486.000 10437796.3045244
   486.500 10466951.3800347
   487.000 10494832.4251934
   487.500 10522713.4703521
   488.000 10551017.9575461
   488.500 10580198.3869402
   489.000 10609378.8163343
   489.500 10638867.0030859
   490.000 10674853.9948779
   490.500 10710840.9866699
   491.000 10746827.9784619
   491.500 10784781.9378422
   492.000 10823341.9682300
   492.500 10861901.9986179
   493.000 10901711.4436125
   493.500 10942854.0350070
   494.000 10983996.6264015
   494.500 11023602.1683470
   495.000 11057177.7470699
   495.500 11090753.3257927
   496.000 11124328.9045156
   496.500 11152538.2567209
   497.000 11180296.5417939
   497.500 11208054.8268668
   498.000 11238968.3732896
   498.500 11271642.9517281
   499.000 11304317.5301665
   499.500 11336718.7223789
   500.000 11368636.2767366
   500.500 11400553.8310942
   501.000 11431765.4823949
   501.500 11454899.9799663
   502.000 11478034.4775377
   502.500 11501168.9751091
   503.000 11517616.4836312
   503.500 11532389.1823822
   504.000 11547161.8811332
   504.500 11564784.8370833
   505.000 11585048.9059116
   505.500 11605312.9747399
   506.000 11624794.9081814
   506.500 11641777.9187505
   507.000 11658760.9293197
   507.500 11675743.9398888
   508.000 11688640.9252082
   508.500 11701357.5035892
   509.000 11714074.0819702
   509.500 11727048.4740213
   510.000 11740145.8416579
   510.500 11753243.2092944
   511.000 11764730.5025598
   511.500 11773764.9909058
   512.000 11782799.4792519
   512.500 11792369.7792399
   513.000 11806038.3142197
   513.500 11819706.8491994
   514.000 11833375.3841791
   514.500 11848640.5185381
   515.000 11864221.2378943
   515.500 11879801.9572506
   516.000 11893263.0241271
   516.500 11905019.7046656
   517.000 11916776.3852041
   517.500 11929944.2382701
   518.000 11946858.0948767
   518.500 11963771.9514832
   519.000 11980685.8080897
   519.500 11998255.6046263
   520.000 12015830.0458656
   520.500 12033404.4871049
   521.000 12053395.5103909
   521.500 12074363.0410645
   522.000 12095330.5717381
   522.500 12115643.1192983
   523.000 12135092.8797535
   523.500 12154542.6402087
   524.000 12173994.1478116
   524.500 12193455.4880609
   525.000 12212916.8283102
   525.500 12232378.1685594
   526.000 12250509.5096169
   526.500 12268442.4925092
   527.000 12286375.4754015
   527.500 12300974.6503085
   528.000 12313252.8058555
   528.500 12325530.9614026
   529.000 12338372.9875034
   529.500 12352476.6356057
   530.000 12366580.2837080
   530.500 12380411.8713301
   531.000 12384875.7101932
   531.500 12389339.5490563
   532.000 12393803.3879194
   532.500 12400213.5163184
   533.000 12407281.2228562
   533.500 12414348.9293939
   534.000 12421943.3315456
   534.500 12430139.3569020
   535.000 12438335.3822584
   535.500 12444691.2024066
   536.000 12443000.7101359
   536.500 12441310.2178652
   537.000 12439619.7255945
   537.500 12444703.3288851
   538.000 12450494.1496771
   538.500 12456284.9704691
   539.000 12457403.0863540
   539.500 12455715.2411645
   540.000 12454027.3959751
   540.500 12451979.4047547
   541.000 12449245.0511586
   541.500 12446510.6975625
   542.000 12443944.4437131
   542.500 12443862.3841990
   543.000 12443780.3246849
   543.500 12443698.2651708
   544.000 12443002.9203874
   544.500 12442137.3248148
   545.000 12441271.7292422
   545.500 12440706.4807236
   546.000 12440439.1255162
   546.500 12440171.7703087
   547.000 12439146.0938194
   547.500 12435453.4156845
   548.000 12431760.7375496
   548.500 12428068.0594147
   549.000 12423375.2668764
   549.500 12418619.4545047
   550.000 12413863.6421330
   550.500 12410416.9954561
   551.000 12407644.5913679
   551.500 12404872.1872797
   552.000 12399085.6554288
   552.500 12388366.6307449
   553.000 12377647.6060609
   553.500 12367074.4648762
   554.000 12357834.4968473
   554.500 12348594.5288183
   555.000 12339354.5607893
   555.500 12329044.1577629
   556.000 12318495.5395783
   556.500 12307946.9213937
   557.000 12295441.2332842
   557.500 12281250.2306404
   558.000 12267059.2279967
   558.500 12252542.3928175
   559.000 12237081.7838236
   559.500 12221621.1748298
   560.000 12206160.5658359
   560.500 12186189.4457539
   561.000 12166107.3006616
   561.500 12146025.1555693
   562.000 12125787.0897622
   562.500 12105480.6676337
   563.000 12085174.2455052
   563.500 12067514.0820690
   564.000 12053591.0964030
   564.500 12039668.1107370
   565.000 12025271.9002765
   565.500 12007814.4004201
   566.000 11990356.9005637
   566.500 11972899.4007074
   567.000 11956029.1228276
   567.500 11939259.8630350
   568.000 11922490.6032424
   568.500 11910242.4055182
   569.000 11901369.3891292
   569.500 11892496.3727401
   570.000 11882648.1615333
   570.500 11870434.2309316
   571.000 11858220.3003300
   571.500 11845961.8631574
   572.000 11829750.1448556
   572.500 11813538.4265537
   573.000 11797326.7082518
   573.500 11788296.4187869
   574.000 11781915.9606798
   574.500 11775535.5025727
   575.000 11767044.8805740
   575.500 11755973.1323120
   576.000 11744901.3840499
   576.500 11734156.7577248
   577.000 11725019.0332096
   577.500 11715881.3086944
   578.000 11706743.5841791
   578.500 11696026.8736954
   579.000 11685111.9656636
   579.500 11674197.0576317
   580.000 11662438.6682643
   580.500 11650136.0272156
   581.000 11637833.3861669
   581.500 11624623.8772355
   582.000 11609549.1979232
   582.500 11594474.5186109
   583.000 11578750.2614398
   583.500 11549672.0755532
   584.000 11520593.8896666
   584.500 11491515.7037800
   585.000 11470521.6732597
   585.500 11452001.0383274
   586.000 11433480.4033950
   586.500 11414048.9383892
   587.000 11393650.5301869
   587.500 11373252.1219846
   588.000 11351777.9055667
   588.500 11326116.1087251
   589.000 11300454.3118836
   589.500 11274792.5150420
   590.000 11250434.0027230
   590.500 11226183.0986295
   591.000 11201932.1945359
   591.500 11178844.9950749
   592.000 11156403.7091366
   592.500 11133962.4231983
   593.000 11110472.4137751
   593.500 11085136.5372494
   594.000 11059800.6607238
   594.500 11034597.5833645
   595.000 11010888.3382742
   595.500 10987179.0931838
   596.000 10963469.8480935
   596.500 10939259.1650312
   597.000 10914923.8867060
   597.500 10890588.6083808
   598.000 10863543.4734244
   598.500 10834000.0612334
   599.000 10804456.6490423
   599.500 10775634.9899410
   600.000 10749103.2944554
   600.500 10722571.5989698
   601.000 10696039.9034842
   601.500 10669022.5390646
   602.000 10641984.4026672
   602.500 10614946.2662698
   603.000 10580124.2396546
   603.500 10541609.2072975
   604.000 10503094.1749404
   604.500 10464069.4009030
   605.000 10424272.1885598
   605.500 10384474.9762166
   606.000 10343369.3028951
   606.500 10292378.5796603
   607.000 10241387.8564256
   607.500 10190397.1331908
   608.000 10137351.6611691
   608.500 10083903.7816447
   609.000 10030455.9021202
   609.500 9977322.5534602
   610.000 9924440.8184406
   610.500 9871559.0834210
   611.000 9818838.5962341
   611.500 9766543.4251467
   612.000 9714248.2540592
   612.500 9661953.0829718
   613.000 9615746.1461789
   613.500 9569575.0930428
   614.000 9523404.0399067
   614.500 9482878.5772718
   615.000 9444620.3141294
   615.500 9406362.0509870
   616.000 9367319.2758858
   616.500 9327248.4215171
   617.000 9287177.5671484
   617.500 9247907.6802088
   618.000 9213101.2086993
   618.500 9178294.7371897
   619.000 9143488.2656802
   619.500 9117471.9102499
   620.000 9092751.8110028
   620.500 9068031.7117556
   621.000 9047943.4453797
   621.500 9031063.0092032
   622.000 9014182.5730267
   622.500 8998727.7774848
   623.000 8986443.8660096
   623.500 8974159.9545345
   624.000 8961995.4218893
   624.500 8953772.7607789
   625.000 8945550.0996686
   625.500 8937327.4385583
   626.000 8927038.2223611
   626.500 8916055.4822065
   627.000 8905072.7420519
   627.500 8892636.6434058
   628.000 8878548.8769313
   628.500 8864461.1104567
   629.000 8849669.5767555
   629.500 8831826.4302713
   630.000 8813983.2837871
   630.500 8796140.1373030
   631.000 8776616.9930567
   631.500 8756921.0540442
   632.000 8737225.1150316
   632.500 8717559.2699932
   633.000 8697911.3987243
   633.500 8678263.5274553
   634.000 8657956.4094707
   634.500 8636399.4068887
   635.000 8614842.4043066
   635.500 8592929.6875258
   636.000 8565870.3956563
   636.500 8538811.1037867
   637.000 8511751.8119172
   637.500 8482258.8763732
   638.000 8452095.3853966
   638.500 8421931.8944200
   639.000 8392277.3543977
   639.500 8363125.0502403
   640.000 8333972.7460829
   640.500 8303714.7476630
   641.000 8269596.5172815
   641.500 8235478.2869000
   642.000 8201360.0565185
   642.500 8164153.3927589
   643.000 8126756.5435331
   643.500 8089359.6943073
   644.000 8048720.4956422
   644.500 8006420.1370809
   645.000 7964119.7785196
   645.500 7923210.3109961
   646.000 7884564.7444443
   646.500 7845919.1778924
   647.000 7807089.5380184
   647.500 7766601.4399342
   648.000 7726113.3418500
   648.500 7685625.2437657
   649.000 7641062.4984208
   649.500 7595600.6976202
   650.000 7550138.8968196
   650.500 7508718.2782228
   651.000 7470759.9601436
   651.500 7432801.6420643
   652.000 7395159.0607642
   652.500 7358424.9547522
   653.000 7321690.8487402
   653.500 7284956.7427282
   654.000 7251783.1411061
   654.500 7218692.8054670
   655.000 7185602.4698279
   655.500 7149488.5468698
   656.000 7112056.9979616
   656.500 7074625.4490534
   657.000 7038503.8151716
   657.500 7004222.4604973
   658.000 6969941.1058229
   658.500 6935428.7212474
   659.000 6899438.0117584
   659.500 6863447.3022694
   660.000 6827456.5927805
   660.500 6799463.4326024
   661.000 6772832.1406843
   661.500 6746200.8487663
   662.000 6722637.7818059
   662.500 6701353.4298914
   663.000 6680069.0779769
   663.500 6657368.7006444
   664.000 6631254.2010381
   664.500 6605139.7014318
   665.000 6579103.0879168
   665.500 6559268.5092324
   666.000 6539433.9305480
   666.500 6519599.3518635
   667.000 6498591.6945488
   667.500 6477153.9760661
   668.000 6455716.2575834
   668.500 6432856.7478039
   669.000 6408267.0173089
   669.500 6383677.2868138
   670.000 6359326.3521417
   670.500 6336137.9217033
   671.000 6312949.4912648
   671.500 6289761.0608263
   672.000 6266958.8868442
   672.500 6244204.5763190
   673.000 6221450.2657938
   673.500 6195304.2112755
   674.000 6166981.2843850
   674.500 6138658.3574945
   675.000 6109234.3424846
   675.500 6077557.7156130
   676.000 6045881.0887413
   676.500 6014136.0806832
   677.000 5981024.5683940
   677.500 5947913.0561048
   678.000 5914801.5438157
   678.500 5876791.7014735
   679.000 5837293.7747554
   679.500 5797795.8480374
   680.000 5758405.9794466
   680.500 5719130.2445063
   681.000 5679854.5095660
   681.500 5640242.7374801
   682.000 5599333.0892367
   682.500 5558423.4409932
   683.000 5517513.7927498
   683.500 5474097.1137583
   684.000 5430477.1620035
   684.500 5386857.2102487
   685.000 5342835.6633011
   685.500 5298592.3470937
   686.000 5254349.0308864
   686.500 5211585.2402971
   687.000 5171411.3152018
   687.500 5131237.3901065
   688.000 5090867.8488391
   688.500 5048334.5497197
   689.000 5005801.2506004
   689.500 4963267.9514810
   690.000 4922189.9870021
   690.500 4881470.7631669
   691.000 4840751.5393317
   691.500 4802045.4185589
   692.000 4765185.8046458
   692.500 4728326.1907327
   693.000 4691275.2892428
   693.500 4653621.6807889
   694.000 4615968.0723350
   694.500 4578314.4638811
   695.000 4549960.3283366
   695.500 4521992.0949389
   696.000 4494023.8615411
   696.500 4466886.6703862
   697.000 4440141.4712525
   697.500 4413396.2721189
   698.000 4385520.7160890
   698.500 4355941.3219403
   699.000 4326361.9277916
   699.500 4297077.6016481
   700.000 4269995.3132600
   700.500 4242913.0248720
   701.000 4215830.7364840
   701.500 4195807.9170582
   702.000 4177154.8453415
   702.500 4158501.7736248
   703.000 4138203.6835815
   703.500 4116596.3877728
   704.000 4094989.0919640
   704.500 4071658.2334353
   705.000 4043810.0299017
   705.500 4015961.8263681
   706.000 3988113.6228345
   706.500 3955642.0206505
   707.000 3923149.1001446
   707.500 3890656.1796386
   708.000 3858821.6704955
   708.500 3827249.9322877
   709.000 3795678.1940799
   709.500 3762290.2022893
   710.000 3726534.3385410
   710.500 3690778.4747927
   711.000 3654478.8171800
   711.500 3615178.4289010
   712.000 3575878.0406221
   712.500 3536577.6523432
   713.000 3492337.2283794
   713.500 3447376.5558911
   714.000 3402415.8834028
   714.500 3354836.0759329
   715.000 3305451.8599525
   715.500 3256067.6439721
   716.000 3205108.6362434
   716.500 3150666.1192539
   717.000 3096223.6022644
   717.500 3041865.0962264
   718.000 2990162.3050237
   718.500 2938459.5138210
   719.000 2886756.7226183
   719.500 2835865.9235926
   720.000 2785245.7886260
   720.500 2734625.6536593
   721.000 2686645.1302936
   721.500 2641649.1358169
   722.000 2596653.1413401
   722.500 2552884.4165185
   723.000 2514393.2078928
   723.500 2475901.9992670
   724.000 2437410.7906412
   724.500 2386851.4547557
   725.000 2335069.4712493
   725.500 2283287.4877428
   726.000 2255148.2468504
   726.500 2241059.1981959
   727.000 2226970.1495414
   727.500 2214932.4329674
   728.000 2206762.1339320
   728.500 2198591.8348966
   729.000 2190826.5442120
   729.500 2188800.3689488
   730.000 2186774.1936855
   730.500 2184748.0184223
   731.000 2187280.5084383
   731.500 2191059.6716760
   732.000 2194838.8349138
   732.500 2200085.8591919
   733.000 2206774.0408846
   733.500 2213462.2225774
   734.000 2220359.8996903
   734.500 2227983.6386981
   735.000 2235607.3777059
   735.500 2243231.1167137
   736.000 2252339.1226025
   736.500 2261536.5718888
   737.000 2270734.0211750
   737.500 2277687.7046012
   738.000 2283498.3374951
   738.500 2289308.9703889
   739.000 2294027.0288479
   739.500 2296976.2908000
   740.000 2299925.5527522
   740.500 2302521.3641376
   741.000 2301977.0580532
   741.500 2301432.7519688
   742.000 2300888.4458843
   742.500 2270883.6970343
   743.000 2234434.2566349
   743.500 2197984.8162354
   744.000 2175845.4863808
   744.500 2165903.9183416
   745.000 2155962.3503024
   745.500 2144835.6018260
   746.000 2130321.2184988
   746.500 2115806.8351716
   747.000 2101292.4518444
   747.500 2080981.2930916
   748.000 2060542.2687362
   748.500 2040103.2443808
   749.000 2017992.0983631
   749.500 1995156.6396451
   750.000 1972321.1809271
   750.500 1947965.0368962
   751.000 1921483.6359546
   751.500 1895002.2350130
   752.000 1868041.0105596
   752.500 1838042.5071947
   753.000 1808044.0038299
   753.500 1778045.5004651
   754.000 1748188.2241472
   754.500 1718354.7515735
   755.000 1688521.2789998
   755.500 1660646.9730343
   756.000 1634220.1684909
   756.500 1607793.3639475
   757.000 1581811.7359013
   757.500 1556897.4085854
   758.000 1531983.0812696
   758.500 1507087.1991444
   759.000 1483522.0131796
   759.500 1459956.8272148
   760.000 1436391.6412500
   760.500 1416357.1911022
   761.000 1397608.7830994
   761.500 1378860.3750967
   762.000 1361320.5464543
   762.500 1345243.9543588
   763.000 1329167.3622633
   763.500 1313509.6165461
   764.000 1299872.7224595
   764.500 1286235.8283730
   765.000 1272598.9342865
   765.500 1262674.7129911
   766.000 1253204.6065468
   766.500 1243734.5001025
   767.000 1236623.2494422
   767.500 1231018.5101794
   768.000 1225413.7709166
   768.500 1220658.7987993
   769.000 1217632.3163437
   769.500 1214605.8338880
   770.000 1211642.3785600
   770.500 1209904.1147446
   771.000 1208165.8509292
   771.500 1206427.5871139
   772.000 1202792.6257932
   772.500 1198585.5453513
   773.000 1194378.4649095
   773.500 1189162.4722693
   774.000 1182886.2425979
   774.500 1176610.0129265
   775.000 1170029.0826095
   775.500 1162280.3968188
   776.000 1154531.7110281
   776.500 1146783.0252375
   777.000 1140336.8146343
   777.500 1133994.4286117
   778.000 1127652.0425891
   778.500 1120320.8598708
   779.000 1112446.6616909
   779.500 1104572.4635110
   780.000 1095729.2801717
   780.500 1085199.1915548
   781.000 1074669.1029379
   781.500 1063980.4339918
   782.000 1051566.5121285
   782.500 1039152.5902652
   783.000 1026738.6684019
   783.500 1015554.1358275
   784.000 1004670.2269335
   784.500 993786.3180394
   785.000 982984.2233481
   785.500 972256.7913640
   786.000 961529.3593799
   786.500 950804.6335878
   787.000 940088.3800671
   787.500 929372.1265463
   788.000 918655.8730256
   788.500 908224.6365109
   789.000 897804.8354112
   789.500 887385.0343114
   790.000 877883.6785167
   790.500 868813.0208398
   791.000 859742.3631630
   791.500 851290.9176295
   792.000 843767.9126839
   792.500 836244.9077382
   793.000 828599.7625142
   793.500 820054.0949477
   794.000 811508.4273812
   794.500 802962.7598147
   795.000 795421.4101666
   795.500 788073.1130322
   796.000 780724.8158979
   796.500 773921.7665789
   797.000 767550.4315297
   797.500 761179.0964806
   798.000 754789.8427036
   798.500 748353.8992950
   799.000 741917.9558864
   799.500 735482.0124778
   800.000 729761.9320824
   800.500 724044.2365572
   801.000 718326.5410320
   801.500 712541.8862929
   802.000 706730.6743500
   802.500 700919.4624071
   803.000 695184.6878788
   803.500 689549.0522163
   804.000 683913.4165538
   804.500 678392.7043850
   805.000 673500.0089596
   805.500 668607.3135342
   806.000 663714.6181088
   806.500 659024.1052721
   807.000 654362.7338465
   807.500 649701.3624209
   808.000 644340.5479485
   808.500 638500.1977875
   809.000 632659.8476265
   809.500 627216.1340612
   810.000 622644.6247223
   810.500 618073.1153834
   811.000 613483.8268327
   811.500 608355.5618553
   812.000 603227.2968780
   812.500 598099.0319006
   813.000 592186.4226659
   813.500 586014.1326709
   814.000 579841.8426760
   814.500 574012.7902508
   815.000 568569.8534885
   815.500 563126.9167261
   816.000 557768.1451283
   816.500 552768.3195806
   817.000 547768.4940330
   817.500 542768.6684853
   818.000 537953.2032977
   818.500 533156.1543632
   819.000 528359.1054287
   819.500 523955.9255170
   820.000 519785.5420507
   820.500 515615.1585844
   821.000 511343.3622635
   821.500 506881.4382248
   822.000 502419.5141861
   822.500 497975.0792255
   823.000 493773.4581323
   823.500 489571.8370391
   824.000 485370.2159459
   824.500 481330.6404688
   825.000 477335.0470871
   825.500 473339.4537054
   826.000 469840.9149860
   826.500 466827.9161005
   827.000 463814.9172151
   827.500 460484.7363636
   828.000 456063.2630329
   828.500 451641.7897023
   829.000 447220.3163717
   829.500 442888.2267540
   830.000 438561.3863089
   830.500 434234.5458638
   831.000 430624.1114548
   831.500 427376.4115909
   832.000 424128.7117271
   832.500 420748.0727520
   833.000 417153.4574365
   833.500 413558.8421210
   834.000 409975.5790015
   834.500 406491.8858514
   835.000 403008.1927013
   835.500 399524.4995513
   836.000 396279.6881835
   836.500 393086.7187927
   837.000 389893.7494020
   837.500 386690.1902124
   838.000 383477.6468965
   838.500 380265.1035807
   839.000 377035.9044333
   839.500 373759.3867400
   840.000 370482.8690467
   840.500 367206.3513533
   841.000 363875.4042994
   841.500 360543.3287203
   842.000 357211.2531412
   842.500 353949.3037600
   843.000 350717.5484247
   843.500 347485.7930894
   844.000 343916.7773296
   844.500 339878.8720083
   845.000 335840.9666871
   845.500 331891.9914819
   846.000 328499.9328346
   846.500 325107.8741873
   847.000 321715.8155400
   847.500 317929.3604933
   848.000 314077.1127660
   848.500 310224.8650386
   849.000 306334.9816180
   849.500 302417.4357728
   850.000 298499.8899277
   850.500 294578.2071952
   851.000 290646.6713517
   851.500 286715.1355081
   852.000 282783.2356666
   852.500 278827.4962207
   853.000 274871.7567747
   853.500 270916.0173288
   854.000 267095.5606702
   854.500 263324.0851119
   855.000 259552.6095536
   855.500 255889.7410645
   856.000 252357.7436391
   856.500 248825.7462137
   857.000 245330.9008134
   857.500 242013.8393506
   858.000 238696.7778877
   858.500 235379.7164249
   859.000 232385.3487022
   859.500 229429.9755350
   860.000 226474.6023678
   860.500 223791.2554380
   861.000 221280.7160047
   861.500 218770.1765714
   862.000 216412.1464063
   862.500 214362.5558481
   863.000 212312.9652899
   863.500 210276.0795175
   864.000 208479.5955341
   864.500 206683.1115507
   865.000 204886.6275674
   865.500 203189.4438377
   866.000 201521.9997862
   866.500 199854.5557347
   867.000 198207.6045140
   867.500 196582.0794760
   868.000 194956.5544379
   868.500 193316.4147676
   869.000 191620.6956488
   869.500 189924.9765300
   870.000 188229.2574112
   870.500 186552.1972978
   871.000 184876.5948591
   871.500 183200.9924205
   872.000 181301.7000634
   872.500 179280.2967845
   873.000 177258.8935057
   873.500 175208.3274925
   874.000 173107.2905205
   874.500 171006.2535485
   875.000 168887.0708433
   875.500 166573.4340703
   876.000 164259.7972973
   876.500 161946.1605243
   877.000 159579.5172720
   877.500 157200.0083611
   878.000 154820.4994503
   878.500 152461.5699508
   879.000 150121.3329721
   879.500 147781.0959934
   880.000 145403.5160035
   880.500 142909.8310329
   881.000 140416.1460624
   881.500 137922.4610918
   882.000 135628.4844304
   882.500 133342.2464978
   883.000 131056.0085652
   883.500 128894.0992814
   884.000 126790.1530809
   884.500 124686.2068805
   885.000 122642.0246197
   885.500 120686.9793252
   886.000 118731.9340308
   886.500 116810.0645554
   887.000 115129.8737727
   887.500 113449.6829899
   888.000 111769.4922072
   888.500 110263.3759002
   889.000 108790.4070151
   889.500 107317.4381301
   890.000 105935.6573331
   890.500 104625.7062591
   891.000 103315.7551851
   891.500 102111.3543246
   892.000 101180.1117106
   892.500 100248.8690965
   893.000 99317.6264824
   893.500 98482.4658787
   894.000 97647.4933096
   894.500 96812.5207405
   895.000 96112.0486983
   895.500 95464.6150163
   896.000 94817.1813344
   896.500 94257.4334790
   897.000 93810.8729382
   897.500 93364.3123974
   898.000 92945.4695567
   898.500 92676.7468629
   899.000 92408.0241692
   899.500 92139.3014755
   900.000 91909.2276355
   900.500 91684.6651988
   901.000 91460.1027621
   901.500 91308.1720651
   902.000 91205.7760340
   902.500 91103.3800029
   903.000 91022.6261714
   903.500 90989.1835051
   904.000 90955.7408388
   904.500 90919.6336162
   905.000 90805.9409660
   905.500 90692.2483157
   906.000 90578.5556654
   906.500 90550.3880977
   907.000 90550.3441520
   907.500 90550.3002063
   908.000 90540.5965386
   908.500 90520.0816588
   909.000 90499.5667790
   909.500 90455.1614723
   910.000 90309.7038488
   910.500 90164.2462253
   911.000 90018.7886019
   911.500 89907.8400346
   912.000 89800.2816780
   912.500 89692.7233214
   913.000 89517.6713587
   913.500 89302.9603601
   914.000 89088.2493615
   914.500 88870.4707961
   915.000 88646.9707973
   915.500 88423.4707985
   916.000 88196.8884157
   916.500 87928.2975590
   917.000 87659.7067023
   917.500 87391.1158456
   918.000 87009.0604793
   918.500 86596.4234475
   919.000 86183.7864156
   919.500 85633.5577390
   920.000 84949.5534920
   920.500 84265.5492450
   921.000 83575.5224455
   921.500 82864.9129638
   922.000 82154.3034821
   922.500 81443.6940004
   923.000 80539.3240544
   923.500 79623.8295049
   924.000 78708.3349553
   924.500 77702.3269836
   925.000 76650.7300067
   925.500 75599.1330299
   926.000 74531.8337993
   926.500 73439.3854306
   927.000 72346.9370620
   927.500 71246.3209881
   928.000 70075.1181457
   928.500 68903.9153034
   929.000 67732.7124610
   929.500 66536.3473904
   930.000 65334.5724976
   930.500 64132.7976048
   931.000 62959.5459548
   931.500 61810.3598293
   932.000 60661.1737037
   932.500 59511.3526509
   933.000 58359.7405353
   933.500 57208.1284196
   934.000 56056.5163039
   934.500 55004.8166432
   935.000 53955.0464178
   935.500 52905.2761924
   936.000 51957.2187237
   936.500 51052.7118873
   937.000 50148.2050508
   937.500 49271.3682533
   938.000 48432.8160797
   938.500 47594.2639062
   939.000 46770.1460307
   939.500 46035.5370350
   940.000 45300.9280392
   940.500 44566.3190434
   941.000 43904.9734904
   941.500 43255.7329049
   942.000 42606.4923194
   942.500 41988.6681017
   943.000 41393.8244795
   943.500 40798.9808573
   944.000 40260.0900688
   944.500 39853.7191494
   945.000 39447.3482301
   945.500 39041.0295261
   946.000 38637.8795915
   946.500 38234.7296570
   947.000 37831.5797224
   947.500 37465.1955905
   948.000 37112.0299705
   948.500 36758.8643505
   949.000 36405.5990737
   949.500 36052.2143716
   950.000 35698.8296694
   950.500 35352.8081742
   951.000 35041.6876072
   951.500 34730.5670403
   952.000 34419.4464734
   952.500 34083.4514270
   953.000 33744.4931884
   953.500 33405.5349499
   954.000 33109.0110103
   954.500 32839.2891069
   955.000 32569.5672036
   955.500 32277.4278847
   956.000 31940.1899905
   956.500 31602.9520963
   957.000 31263.7357860
   957.500 30887.9827302
   958.000 30512.2296743
   958.500 30136.4766185
   959.000 29860.0426592
   959.500 29613.1577547
   960.000 29366.2728502
   960.500 29111.0646223
   961.000 28847.1946954
   961.500 28583.3247686
   962.000 28305.1188081
   962.500 27972.7782727
   963.000 27640.4377373
   963.500 27308.0972019
   964.000 27083.0230283
   964.500 26866.1827527
   965.000 26649.3424772
   965.500 26440.5646423
   966.000 26236.1655062
   966.500 26031.7663701
   967.000 25826.7029193
   967.500 25620.4955475
   968.000 25414.2881757
   968.500 25215.2772171
   969.000 25092.0554626
   969.500 24968.8337082
   970.000 24845.6119537
   970.500 24605.1439204
   971.000 24336.4651724
   971.500 24067.7864243
   972.000 23828.0122891
   972.500 23614.3490148
   973.000 23400.6857406
   973.500 23210.3112490
   974.000 23091.8104241
   974.500 22973.3095991
   975.000 22854.8087742
   975.500 22645.1726285
   976.000 22432.1392081
   976.500 22219.1057878
   977.000 21960.5802618
   977.500 21680.9603478
   978.000 21401.3404337
   978.500 21152.2308250
   979.000 20948.4055679
   979.500 20744.5803107
   980.000 20526.7805378
   980.500 20208.2925871
   981.000 19889.8046364
   981.500 19571.3166857
   982.000 19372.1824255
   982.500 19195.5776535
   983.000 19018.9728814
   983.500 18801.7117739
   984.000 18552.5772230
   984.500 18303.4426721
   985.000 18076.2627097
   985.500 17905.5702371
   986.000 17734.8777645
   986.500 17564.1852920
   987.000 17374.6690664
   987.500 17185.1381243
   988.000 16995.6071821
   988.500 16813.5577475
   989.000 16634.4386898
   989.500 16455.3196322
   990.000 16291.7522150
   990.500 16148.1480566
   991.000 16004.5438981
   991.500 15853.1430587
   992.000 15659.9500841
   992.500 15466.7571094
   993.000 15273.5641348
   993.500 15091.5476607
   994.000 14911.1050624
   994.500 14730.6624641
   995.000 14565.3682876
   995.500 14410.3468381
   996.000 14255.3253885
   996.500 14110.8085761
   997.000 13989.1310525
   997.500 13867.4535290
   998.000 13746.9937978
   998.500 13660.7429589
   999.000 13574.4921201
   999.500 13488.2412813
  1000.000 13309.1502205
  1000.500 13099.7219013
  1001.000 12890.2935821
  1001.500 12684.1418701
  1002.000 12481.6401536
  1002.500 12279.1384371
  1003.000 12102.0314820
  1003.500 12031.5309706
  1004.000 11961.0304591
  1004.500 11890.5299477
  1005.000 11762.6309153
  1005.500 11629.1740175
  1006.000 11495.7171198
  1006.500 11320.8606378
  1007.000 11121.7999331
  1007.500 10922.7392283
  1008.000 10745.2742094
  1008.500 10607.8466816
  1009.000 10470.4191538
  1009.500 10331.6965362
  1010.000 10175.6951802
  1010.500 10019.6938243
  1011.000 9863.6924684
  1011.500 9734.8443648
  1012.000 9613.2550557
  1012.500 9491.6657467
  1013.000 9383.4221183
  1013.500 9288.0832472
  1014.000 9192.7443761
  1014.500 9093.1353875
  1015.000 8979.0460881
  1015.500 8864.9567888
  1016.000 8750.8674895
  1016.500 8684.2889519
  1017.000 8620.3656821
  1017.500 8556.4424124
  1018.000 8447.2825252
  1018.500 8315.4579187
  1019.000 8183.6333122
  1019.500 8084.8072318
  1020.000 8038.5715242
  1020.500 7992.3358167
  1021.000 7940.6585033
  1021.500 7842.5400676
  1022.000 7744.4216319
  1022.500 7646.3031962
  1023.000 7526.4033794
  1023.500 7401.8582460
  1024.000 7277.3131125
  1024.500 7229.0501090
  1025.000 7244.8443821
  1025.500 7260.6386552
  1026.000 7244.9437799
  1026.500 7140.9576259
  1027.000 7036.9714719
  1027.500 6932.9853178
  1028.000 6887.6298930
  1028.500 6843.3353919
  1029.000 6799.0408907
  1029.500 6739.0539318
  1030.000 6672.3915589
  1030.500 6605.7291860
  1031.000 6553.3279486
  1031.500 6520.5481836
  1032.000 6487.7684186
  1032.500 6454.2586232
  1033.000 6416.2730717
  1033.500 6378.2875203
  1034.000 6340.3019688
  1034.500 6278.1217723
  1035.000 6211.9888520
  1035.500 6145.8559317
  1036.000 6060.3925561
  1036.500 5960.8682931
  1037.000 5861.3440300
  1037.500 5773.2840786
  1038.000 5712.2246190
  1038.500 5651.1651594
  1039.000 5589.6110555
  1039.500 5500.0956340
  1040.000 5410.5802124
  1040.500 5321.0647908
  1041.000 5254.2036114
  1041.500 5195.4383787
  1042.000 5136.6731460
  1042.500 5077.1836129
  1043.000 5016.8301925
  1043.500 4956.4767720
  1044.000 4889.5848188
  1044.500 4791.9515629
  1045.000 4694.3183070
  1045.500 4596.6850510
  1046.000 4581.1175435
  1046.500 4575.2058798
  1047.000 4569.2942162
  1047.500 4537.5915608
  1048.000 4489.6792930
  1048.500 4441.7670252
  1049.000 4368.8055945
  1049.500 4245.7605039
  1050.000 4122.7154132
  1050.500 4005.3493941
  1051.000 3989.9962743
  1051.500 3974.6431545
  1052.000 3959.2900347
  1052.500 3902.4490991
  1053.000 3833.3601854
  1053.500 3764.2712717
  1054.000 3706.8028664
  1054.500 3661.3614125
  1055.000 3615.9199585
  1055.500 3564.9092655
  1056.000 3493.0410254
  1056.500 3421.1727853
  1057.000 3349.3045452
  1057.500 3332.8318199
  1058.000 3320.5236413
  1058.500 3308.2154626
  1059.000 3247.5586468
  1059.500 3160.7784455
  1060.000 3073.9982442
  1060.500 3009.8843449
  1061.000 2984.6046704
  1061.500 2959.3249959
  1062.000 2932.3392000
