   115.000  0.0000000
   115.500  0.0000000
   116.000  0.0000000
   116.500  0.0000000
   117.000  0.0000000
   117.500  0.0000000
   118.000  0.0000000
   118.500  0.0000000
   119.000  0.0000000
   119.500  0.0000000
   120.000  0.0000000
   120.500  0.0000000
   121.000  0.0000000
   121.500  0.0000000
   122.000  0.0000000
   122.500  0.0000000
   123.000  0.0000000
   123.500  0.0000000
   124.000  0.0000000
   124.500  0.0000000
   125.000  0.0000000
   125.500  0.0000000
   126.000  0.0000000
   126.500  0.0000000
   127.000  0.0000000
   127.500  0.0000000
   128.000  0.0000000
   128.500  0.0000000
   129.000  0.0000000
   129.500  0.0000000
   130.000  0.0000000
   130.500  0.0000000
   131.000  0.0000000
   131.500  0.0000000
   132.000  0.0000000
   132.500  0.0000000
   133.000  0.0000000
   133.500  0.0000000
   134.000  0.0000000
   134.500  0.0000000
   135.000  0.0000000
   135.500  0.0000000
   136.000  0.0000000
   136.500  0.0000000
   137.000  0.0000000
   137.500  0.0000000
   138.000  0.0000000
   138.500  0.0000000
   139.000  0.0000000
   139.500  0.0000000
   140.000  0.0000000
   140.500  0.0000000
   141.000  0.0000000
   141.500  0.0000000
   142.000  0.0000000
   142.500  0.0000000
   143.000  0.0000000
   143.500  0.0000000
   144.000  0.0000000
   144.500  0.0000000
   145.000  0.0000000
   145.500  0.0000000
   146.000  0.0000000
   146.500  0.0000000
   147.000  0.0000000
   147.500  0.0000000
   148.000  0.0000000
   148.500  0.0000000
   149.000  0.0000000
   149.500  0.0000000
   150.000  0.0000000
   150.500  0.0000000
   151.000  0.0000000
   151.500  0.0000000
   152.000  0.0000000
   152.500  0.0000000
   153.000  0.0000000
   153.500  0.0000000
   154.000  0.0000000
   154.500  0.0000000
   155.000  0.0000000
   155.500  0.0000000
   156.000  0.0000000
   156.500  0.0000000
   157.000  0.0000000
   157.500  0.0000000
   158.000  0.0000000
   158.500  0.0000000
   159.000  0.0000000
   159.500  0.0000000
   160.000  0.0000000
   160.500  0.0000000
   161.000  0.0000000
   161.500  0.0000000
   162.000  0.0000000
   162.500  0.0000000
   163.000  0.0000000
   163.500  0.0000000
   164.000  0.0000000
   164.500  0.0000000
   165.000  0.0000000
   165.500  0.0000000
   166.000  0.0000000
   166.500  0.0000000
   167.000  0.0000000
   167.500  0.0000000
   168.000  0.0000000
   168.500  0.0000000
   169.000  0.0000000
   169.500  0.0000000
   170.000  0.0000000
   170.500  0.0000000
   171.000  0.0000000
   171.500  0.0000000
   172.000  0.0000000
   172.500  0.0000000
   173.000  0.0000000
   173.500  0.0000000
   174.000  0.0000000
   174.500  0.0000000
   175.000  0.0000000
   175.500  0.0000000
   176.000  0.0000000
   176.500  0.0000000
   177.000  0.0000000
   177.500  0.0000000
   178.000  0.0000000
   178.500  0.0000000
   179.000  0.0000000
   179.500  0.0000000
   180.000  0.0000000
   180.500  0.0000000
   181.000  0.0000000
   181.500  0.0000000
   182.000  0.0000000
   182.500  0.0000000
   183.000  0.0000000
   183.500  0.0000000
   184.000  0.0000000
   184.500  0.0000000
   185.000  0.0000000
   185.500  0.0000000
   186.000  0.0000000
   186.500  0.0000000
   187.000  0.0000000
   187.500  0.0000000
   188.000  0.0000000
   188.500  0.0000000
   189.000  0.0000000
   189.500  0.0000000
   190.000  0.0000000
   190.500  0.0000000
   191.000  0.0000000
   191.500  0.0000000
   192.000  0.0000000
   192.500  0.0000000
   193.000  0.0000000
   193.500  0.0000000
   194.000  0.0000000
   194.500  0.0000000
   195.000  0.0000000
   195.500  0.0000000
   196.000  0.0000000
   196.500  0.0000000
   197.000  0.0000000
   197.500  0.0000000
   198.000  0.0000000
   198.500  0.0000000
   199.000  0.0000000
   199.500  0.0000000
   200.000  0.0000000
   200.500  0.0000000
   201.000  0.0000000
   201.500  0.0000000
   202.000  0.0000000
   202.500  0.0000000
   203.000  0.0000000
   203.500  0.0000000
   204.000  0.0000000
   204.500  0.0000000
   205.000  0.0000000
   205.500  0.0000000
   206.000  0.0000000
   206.500  0.0000000
   207.000  0.0000000
   207.500  0.0000000
   208.000  0.0000000
   208.500  0.0000000
   209.000  0.0000000
   209.500  0.0000000
   210.000  0.0000000
   210.500  0.0000000
   211.000  0.0000000
   211.500  0.0000000
   212.000  0.0000000
   212.500  0.0000000
   213.000  0.0000000
   213.500  0.0000000
   214.000  0.0000000
   214.500  0.0000000
   215.000  0.0000000
   215.500  0.0000000
   216.000  0.0000000
   216.500  0.0000000
   217.000  0.0000000
   217.500  0.0000000
   218.000  0.0000000
   218.500  0.0000000
   219.000  0.0000000
   219.500  0.0000000
   220.000  0.0000000
   220.500  0.0000000
   221.000  0.0000000
   221.500  0.0000000
   222.000  0.0000000
   222.500  0.0000000
   223.000  0.0000000
   223.500  0.0000000
   224.000  0.0000000
   224.500  0.0000000
   225.000  0.0000000
   225.500  0.0000000
   226.000  0.0000000
   226.500  0.0000000
   227.000  0.0000000
   227.500  0.0000000
   228.000  0.0000000
   228.500  0.0000000
   229.000  0.0000000
   229.500  0.0000000
   230.000  0.0000000
   230.500  0.0000000
   231.000  0.0000000
   231.500  0.0000000
   232.000  0.0000000
   232.500  0.0000000
   233.000  0.0000000
   233.500  0.0000000
   234.000  0.0000000
   234.500  0.0000000
   235.000  0.0000000
   235.500  0.0000000
   236.000  0.0000000
   236.500  0.0000000
   237.000  0.0000000
   237.500  0.0000000
   238.000  0.0000000
   238.500  0.0000000
   239.000  0.0000000
   239.500  0.0000000
   240.000  0.0000000
   240.500  0.0000000
   241.000  0.0000000
   241.500  0.0000000
   242.000  0.0000000
   242.500  0.0000000
   243.000  0.0000000
   243.500  0.0000000
   244.000  0.0000000
   244.500  0.0000000
   245.000  0.0000000
   245.500  0.0000000
   246.000  0.0000000
   246.500  0.0000000
   247.000  0.0000000
   247.500  0.0000000
   248.000  0.0000000
   248.500  0.0000000
   249.000  0.0000000
   249.500  0.0000000
   250.000  0.0000000
   250.500  0.0000000
   251.000  0.0000000
   251.500  0.0000000
   252.000  0.0000000
   252.500  0.0000000
   253.000  0.0000000
   253.500  0.0000000
   254.000  0.0000000
   254.500  0.0000000
   255.000  0.0000000
   255.500  0.0000000
   256.000  0.0000000
   256.500  0.0000000
   257.000  0.0000000
   257.500  0.0000000
   258.000  0.0000000
   258.500  0.0000000
   259.000  0.0000000
   259.500  0.0000000
   260.000  0.0000000
   260.500  0.0000000
   261.000  0.0000000
   261.500  0.0000000
   262.000  0.0000000
   262.500  0.0000000
   263.000  0.0000000
   263.500  0.0000000
   264.000  0.0000000
   264.500  0.0000000
   265.000  0.0000000
   265.500  0.0000000
   266.000  0.0000000
   266.500  0.0000000
   267.000  0.0000000
   267.500  0.0000000
   268.000  0.0000000
   268.500  0.0000000
   269.000  0.0000000
   269.500  0.0000000
   270.000  0.0000000
   270.500  0.0000000
   271.000  0.0000000
   271.500  0.0000000
   272.000  0.0000000
   272.500  0.0000000
   273.000  0.0000000
   273.500  0.0000000
   274.000  0.0000000
   274.500  0.0000000
   275.000  0.0000000
   275.500  0.0000000
   276.000  0.0000000
   276.500  0.0000000
   277.000  0.0000000
   277.500  0.0000000
   278.000  0.0000000
   278.500  0.0000000
   279.000  0.0000000
   279.500  0.0000000
   280.000  0.0000000
   280.500  0.0000000
   281.000  0.0000000
   281.500  0.0000000
   282.000  0.0000000
   282.500  0.0000000
   283.000  0.0000000
   283.500  0.0000000
   284.000  0.0000000
   284.500  0.0000000
   285.000  0.0000000
   285.500  0.0000000
   286.000  0.0000000
   286.500  0.0000000
   287.000  0.0000000
   287.500  0.0000000
   288.000  0.0000000
   288.500  0.0000000
   289.000  0.0000000
   289.500  0.0000000
   290.000  0.0000000
   290.500  0.0000000
   291.000  0.0000000
   291.500  0.0000000
   292.000  0.0000000
   292.500  0.0000000
   293.000  0.0000000
   293.500  0.0000000
   294.000  0.0000000
   294.500  0.0000000
   295.000  0.0000000
   295.500  0.0000000
   296.000  0.0000000
   296.500  0.0000000
   297.000  0.0000000
   297.500  0.0000000
   298.000  0.0000000
   298.500  0.0000000
   299.000  0.0000000
   299.500  0.0000000
   300.000  0.0000000
   300.500  0.0000000
   301.000  0.0000000
   301.500  0.0000000
   302.000  0.0000000
   302.500  0.0000000
   303.000  0.0000000
   303.500  0.0000000
   304.000  0.0000000
   304.500  0.0000000
   305.000  0.0000000
   305.500  0.0000000
   306.000  0.0000000
   306.500  0.0000000
   307.000  0.0000000
   307.500  0.0000000
   308.000  0.0000000
   308.500  0.0000000
   309.000  0.0000000
   309.500  0.0000000
   310.000  0.0000000
   310.500  0.0000000
   311.000  0.0000000
   311.500  0.0000000
   312.000  0.0000000
   312.500  0.0000000
   313.000  0.0000000
   313.500  0.0000000
   314.000  0.0000000
   314.500  0.0000000
   315.000  0.0000000
   315.500  0.0000000
   316.000  0.0000000
   316.500  0.0000000
   317.000  0.0000000
   317.500  0.0000000
   318.000  0.0000000
   318.500  0.0000000
   319.000  0.0000000
   319.500  0.0000000
   320.000  0.0000000
   320.500  0.0000000
   321.000  0.0000000
   321.500  0.0000000
   322.000  0.0000000
   322.500  0.0000000
   323.000  0.0000000
   323.500  0.0000000
   324.000  0.0000000
   324.500  0.0000000
   325.000  0.0000000
   325.500  0.0000000
   326.000  0.0000000
   326.500  0.0000000
   327.000  0.0000000
   327.500  0.0000000
   328.000  0.0000000
   328.500  0.0000000
   329.000  0.0000000
   329.500  0.0000000
   330.000  0.0000000
   330.500  0.0000000
   331.000  0.0000000
   331.500  0.0000000
   332.000  0.0000000
   332.500  0.0000000
   333.000  0.0000000
   333.500  0.0000000
   334.000  0.0000000
   334.500  0.0000000
   335.000  0.0000000
   335.500  0.0000000
   336.000  0.0000000
   336.500  0.0000000
   337.000  0.0000000
   337.500  0.0000000
   338.000  0.0000000
   338.500  0.0000000
   339.000  0.0000000
   339.500  0.0000000
   340.000  0.0000000
   340.500  0.0000000
   341.000  0.0000000
   341.500  0.0000000
   342.000  0.0000000
   342.500  0.0000000
   343.000  0.0000000
   343.500  0.0000000
   344.000  0.0000000
   344.500  0.0000000
   345.000  0.0000000
   345.500  0.0000000
   346.000  0.0000000
   346.500  0.0000000
   347.000  0.0000000
   347.500  0.0000000
   348.000  0.0000000
   348.500  0.0000000
   349.000  0.0000000
   349.500  0.0000000
   350.000  0.0000000
   350.500  0.0000000
   351.000  0.0000000
   351.500 1511.9968754
   352.000 1707.0597220
   352.500 1902.1225686
   353.000 2141.3798028
   353.500 2432.6481189
   354.000 2723.9164350
   354.500 3000.2802131
   355.000 3206.9697618
   355.500 3413.6593105
   356.000 3620.3488593
   356.500 3891.7147622
   357.000 4170.8248546
   357.500 4449.9349470
   358.000 4952.0112080
   358.500 5596.6922279
   359.000 6241.3732478
   359.500 6806.9937204
   360.000 7209.7562866
   360.500 7612.5188528
   361.000 8008.3126420
   361.500 8251.4327384
   362.000 8494.5528347
   362.500 8737.6729310
   363.000 9329.6474852
   363.500 10031.4860238
   364.000 10733.3245623
   364.500 11431.1996088
   365.000 12124.7357730
   365.500 12818.2719372
   366.000 13510.9694701
   366.500 14200.1870084
   367.000 14889.4045468
   367.500 15578.6220851
   368.000 16279.9106075
   368.500 16982.3771811
   369.000 17684.8437548
   369.500 18918.6275392
   370.000 20467.2354809
   370.500 22015.8434227
   371.000 23402.0246842
   371.500 24479.5239558
   372.000 25557.0232274
   372.500 26655.8597063
   373.000 28079.6241682
   373.500 29503.3886302
   374.000 30927.1530921
   374.500 32458.5874683
   375.000 34020.6534803
   375.500 35582.7194924
   376.000 37310.6275636
   376.500 39207.4836082
   377.000 41104.3396528
   377.500 43169.8428867
   378.000 45861.4285554
   378.500 48553.0142242
   379.000 51244.5998929
   379.500 54334.7459386
   380.000 57455.3055504
   380.500 60575.8651623
   381.000 63862.6517889
   381.500 67240.5692372
   382.000 70618.4866855
   382.500 74386.3363773
   383.000 78839.0602397
   383.500 83291.7841021
   384.000 87780.7826843
   384.500 92688.9982276
   385.000 97597.2137708
   385.500 102505.4293141
   386.000 107847.3114345
   386.500 113300.0028986
   387.000 118752.6943628
   387.500 124727.7930612
   388.000 131198.1675641
   388.500 137668.5420670
   389.000 144431.1535878
   389.500 152170.8842665
   390.000 159910.6149452
   390.500 167650.3456240
   391.000 175020.6671485
   391.500 182370.3230578
   392.000 189719.9789671
   392.500 197556.3046842
   393.000 205638.9897835
   393.500 213721.6748829
   394.000 222200.4955536
   394.500 231323.4236803
   395.000 240446.3518071
   395.500 249594.3308735
   396.000 258973.9090053
   396.500 268353.4871371
   397.000 277733.0652689
   397.500 287489.2737300
   398.000 297331.2575150
   398.500 307173.2413000
   399.000 317121.0216170
   399.500 327162.1152351
   400.000 337203.2088532
   400.500 347270.9778268
   401.000 357419.5495470
   401.500 367568.1212672
   402.000 377716.6929874
   402.500 387089.1545872
   403.000 396433.4996176
   403.500 405777.8446481
   404.000 415053.5022293
   404.500 424297.1227180
   405.000 433540.7432068
   405.500 443023.7077542
   406.000 452867.5936319
   406.500 462711.4795096
   407.000 472444.5157496
   407.500 481329.7020584
   408.000 490214.8883673
   408.500 499100.0746761
   409.000 507531.9999799
   409.500 515872.7095276
   410.000 524213.4190753
   410.500 532654.3733641
   411.000 541177.5728959
   411.500 549700.7724277
   412.000 558182.8614434
   412.500 566551.6326601
   413.000 574920.4038768
   413.500 583289.1750935
   414.000 591239.0160125
   414.500 599181.6153335
   415.000 607124.2146544
   415.500 614526.0266464
   416.000 621695.9649093
   416.500 628865.9031721
   417.000 635743.0847909
   417.500 642210.6264803
   418.000 648678.1681697
   418.500 655320.7571878
   419.000 663098.5941797
   419.500 670876.4311717
   420.000 678654.2681636
   420.500 686305.2899223
   421.000 693934.0181632
   421.500 701562.7464041
   422.000 709330.5442006
   422.500 717204.4217167
   423.000 725078.2992328
   423.500 732969.4527148
   424.000 740904.1226520
   424.500 748838.7925893
   425.000 756775.3626046
   425.500 766478.8633229
   426.000 776182.3640412
   426.500 785885.8647595
   427.000 796309.9718388
   427.500 807017.2829367
   428.000 817724.5940346
   428.500 828312.7804993
   429.000 838746.0942220
   429.500 849179.4079448
   430.000 859934.1525156
   430.500 872486.8808776
   431.000 885039.6092396
   431.500 897592.3376015
   432.000 910666.4383170
   432.500 923819.5099931
   433.000 936972.5816691
   433.500 951072.7890121
   434.000 965843.9235190
   434.500 980615.0580259
   435.000 995596.0871934
   435.500 1011061.8957766
   436.000 1026527.7043597
   436.500 1041990.9129067
   437.000 1057320.1864807
   437.500 1072649.4600548
   438.000 1087978.7336289
   438.500 1103340.7243517
   439.000 1118714.4543549
   439.500 1134088.1843580
   440.000 1149646.4124007
   440.500 1165427.6617784
   441.000 1181208.9111562
   441.500 1196950.4729514
   442.000 1212497.7553633
   442.500 1228045.0377752
   443.000 1243592.3201871
   443.500 1258416.0456765
   444.000 1273147.0647052
   444.500 1287878.0837338
   445.000 1302164.2189837
   445.500 1316157.8457764
   446.000 1330151.4725691
   446.500 1344197.2835531
   447.000 1358353.8765525
   447.500 1372510.4695518
   448.000 1386659.0685472
   448.500 1400600.2443200
   449.000 1414541.4200929
   449.500 1428482.5958658
   450.000 1441519.4434553
   450.500 1454261.0957551
   451.000 1467002.7480549
   451.500 1479667.8885888
   452.000 1492247.0267936
   452.500 1504826.1649983
   453.000 1517308.1957349
   453.500 1529369.6968896
   454.000 1541431.1980444
   454.500 1553492.6991992
   455.000 1563811.8624009
   455.500 1573947.0473828
   456.000 1584082.2323647
   456.500 1593445.2829984
   457.000 1602337.6738085
   457.500 1611230.0646185
   458.000 1620598.4731163
   458.500 1630898.4356944
   459.000 1641198.3982724
   459.500 1651477.3539697
   460.000 1661395.2371037
   460.500 1671313.1202377
   461.000 1681231.0033717
   461.500 1690702.0905146
   462.000 1700041.1286398
   462.500 1709380.1667651
   463.000 1718133.4405707
   463.500 1726274.0319846
   464.000 1734414.6233986
   464.500 1742812.4504440
   465.000 1752204.3924260
   465.500 1761596.3344080
   466.000 1770988.2763900
   466.500 1780053.4633259
   467.000 1789091.1843207
   467.500 1798128.9053155
   468.000 1807093.2369508
   468.500 1816016.1714598
   469.000 1824939.1059688
   469.500 1833571.8881389
   470.000 1841680.1367469
   470.500 1849788.3853549
   471.000 1857984.9743888
   471.500 1867302.5904973
   472.000 1876620.2066057
   472.500 1885937.8227142
   473.000 1894374.6654579
   473.500 1902577.1580891
   474.000 1910779.6507204
   474.500 1918777.2403302
   475.000 1926575.3761922
   475.500 1934373.5120542
   476.000 1941409.1032282
   476.500 1945797.4320849
   477.000 1950185.7609417
   477.500 1954574.0897984
   478.000 1961339.7020191
   478.500 1968255.9004409
   479.000 1975172.0988627
   479.500 1981047.4679522
   480.000 1986380.2326097
   480.500 1991712.9972672
   481.000 1997201.4106687
   481.500 2002950.2138378
   482.000 2008699.0170069
   482.500 2014378.3793337
   483.000 2019364.2271167
   483.500 2024350.0748997
   484.000 2029335.9226826
   484.500 2035170.0502831
   485.000 2041205.8660172
   485.500 2047241.6817514
   486.000 2052379.8550249
   486.500 2056704.9208344
   487.000 2061029.9866439
   487.500 2065645.1293456
   488.000 2071170.8365918
   488.500 2076696.5438380
   489.000 2082222.2510842
   489.500 2088935.3809880
   490.000 2095700.0538436
   490.500 2102464.7266991
   491.000 2109215.6779679
   491.500 2115960.0313669
   492.000 2122704.3847658
   492.500 2129551.6365110
   493.000 2136558.3602620
   493.500 2143565.0840130
   494.000 2150533.6175444
   494.500 2157189.9221563
   495.000 2163846.2267682
   495.500 2170502.5313801
   496.000 2177220.6391177
   496.500 2183951.7768781
   497.000 2190682.9146384
   497.500 2197061.1586369
   498.000 2203142.1286443
   498.500 2209223.0986516
   499.000 2215011.1519589
   499.500 2219964.0788495
   500.000 2224917.0057401
   500.500 2229869.9326307
   501.000 2235230.2012413
   501.500 2240600.3294881
   502.000 2245970.4577350
   502.500 2250150.9893936
   503.000 2253805.4178343
   503.500 2257459.8462749
   504.000 2260511.5793218
   504.500 2262696.5788136
   505.000 2264881.5783055
   505.500 2267316.0648033
   506.000 2271464.7434369
   506.500 2275613.4220706
   507.000 2279762.1007042
   507.500 2282318.4497736
   508.000 2284580.1412733
   508.500 2286841.8327729
   509.000 2288674.6127197
   509.500 2290171.4044973
   510.000 2291668.1962750
   510.500 2292702.1400048
   511.000 2292531.2452669
   511.500 2292360.3505290
   512.000 2292189.4557911
   512.500 2292360.2550275
   513.000 2292532.9669158
   513.500 2292705.6788041
   514.000 2294525.9206084
   514.500 2297014.7643693
   515.000 2299503.6081302
   515.500 2301956.6617639
   516.000 2304361.9081473
   516.500 2306767.1545307
   517.000 2309076.7063224
   517.500 2310822.0792012
   518.000 2312567.4520800
   518.500 2314312.8249588
   519.000 2317385.4914657
   519.500 2320670.8017722
   520.000 2323956.1120787
   520.500 2327741.0631331
   521.000 2331889.7417668
   521.500 2336038.4204004
   522.000 2339904.6865982
   522.500 2343097.6800151
   523.000 2346290.6734320
   523.500 2349509.4889222
   524.000 2354768.2482032
   524.500 2360027.0074842
   525.000 2365285.7667653
   525.500 2370038.3376134
   526.000 2374603.0194860
   526.500 2379167.7013587
   527.000 2383007.8602641
   527.500 2385948.7480267
   528.000 2388889.6357894
   528.500 2391705.1619588
   529.000 2393876.9045124
   529.500 2396048.6470659
   530.000 2398220.3896194
   530.500 2400365.7672015
   531.000 2402507.5455696
   531.500 2404649.3239376
   532.000 2406417.3182730
   532.500 2407932.6565336
   533.000 2409447.9947942
   533.500 2411146.5078380
   534.000 2413245.9974195
   534.500 2415345.4870010
   535.000 2417346.4541530
   535.500 2416201.9797750
   536.000 2415057.5053970
   536.500 2413913.0310190
   537.000 2412644.1241722
   537.500 2411333.1327368
   538.000 2410022.1413015
   538.500 2409511.0404364
   539.000 2409923.3561054
   539.500 2410335.6717744
   540.000 2410327.7349766
   540.500 2408417.6620846
   541.000 2406507.5891926
   541.500 2404597.5163005
   542.000 2402976.1927943
   542.500 2401387.7202489
   543.000 2399799.2477035
   543.500 2399047.9157014
   544.000 2398821.4259469
   544.500 2398594.9361924
   545.000 2397945.4096280
   545.500 2396443.3317520
   546.000 2394941.2538761
   546.500 2393473.4368560
   547.000 2392678.6813375
   547.500 2391883.9258189
   548.000 2391089.1703003
   548.500 2390047.7132289
   549.000 2388930.6119141
   549.500 2387813.5105994
   550.000 2385881.2615181
   550.500 2383073.4347617
   551.000 2380265.6080052
   551.500 2377372.7488313
   552.000 2374137.4641108
   552.500 2370902.1793904
   553.000 2367666.8946699
   553.500 2364962.7772333
   554.000 2362307.4213753
   554.500 2359652.0655172
   555.000 2357307.1818396
   555.500 2355142.5244454
   556.000 2352977.8670511
   556.500 2350312.8028217
   557.000 2346716.4145525
   557.500 2343120.0262833
   558.000 2339511.0554038
   558.500 2335725.1876846
   559.000 2331939.3199655
   559.500 2328153.4522463
   560.000 2323896.3555541
   560.500 2319508.8939479
   561.000 2315121.4323416
   561.500 2310925.5695517
   562.000 2306921.2307926
   562.500 2302916.8920334
   563.000 2298939.5346468
   563.500 2295059.5384793
   564.000 2291179.5423119
   564.500 2287299.5461444
   565.000 2283586.4260467
   565.500 2279885.1384201
   566.000 2276183.8507935
   566.500 2272122.5791625
   567.000 2267868.0518287
   567.500 2263613.5244948
   568.000 2260142.7090843
   568.500 2258020.2775148
   569.000 2255897.8459454
   569.500 2253811.5886649
   570.000 2252117.3940499
   570.500 2250423.1994349
   571.000 2248729.0048198
   571.500 2246027.4347959
   572.000 2243076.0161342
   572.500 2240124.5974726
   573.000 2236623.9972606
   573.500 2232612.5184399
   574.000 2228601.0396192
   574.500 2225299.9243152
   575.000 2224310.5153811
   575.500 2223321.1064469
   576.000 2222331.6975128
   576.500 2219516.6819695
   577.000 2216609.3277160
   577.500 2213701.9734624
   578.000 2210836.9775448
   578.500 2207992.9721043
   579.000 2205148.9666637
   579.500 2202545.1224632
   580.000 2200324.0277560
   580.500 2198102.9330488
   581.000 2195751.6106867
   581.500 2192259.2754954
   582.000 2188766.9403040
   582.500 2185274.6051126
   583.000 2181221.3248635
   583.500 2177044.2742160
   584.000 2172867.2235686
   584.500 2168102.1120260
   585.000 2162828.2046015
   585.500 2157554.2971769
   586.000 2152496.8791049
   586.500 2148078.5681592
   587.000 2143660.2572136
   587.500 2139241.9462679
   588.000 2133916.1149642
   588.500 2128562.0464265
   589.000 2123207.9778888
   589.500 2117841.8808503
   590.000 2112470.2964082
   590.500 2107098.7119662
   591.000 2101882.4449888
   591.500 2096895.7712283
   592.000 2091909.0974679
   592.500 2086924.7687972
   593.000 2081957.5708767
   593.500 2076990.3729562
   594.000 2072023.1750357
   594.500 2067099.4186254
   595.000 2062184.1093180
   595.500 2057268.8000107
   596.000 2053087.6937589
   596.500 2049497.4177226
   597.000 2045907.1416863
   597.500 2042022.4868999
   598.000 2037345.9263793
   598.500 2032669.3658588
   599.000 2027992.8053383
   599.500 2023165.7986664
   600.000 2018336.9478503
   600.500 2013508.0970343
   601.000 2008945.5868793
   601.500 2004494.6918221
   602.000 2000043.7967648
   602.500 1995935.1753005
   603.000 1992296.3472921
   603.500 1988657.5192837
   604.000 1984682.7385598
   604.500 1978617.8492848
   605.000 1972552.9600099
   605.500 1966488.0707350
   606.000 1961383.1292432
   606.500 1956440.6270122
   607.000 1951498.1247812
   607.500 1945101.9339100
   608.000 1937618.3307233
   608.500 1930134.7275365
   609.000 1922655.2056189
   609.500 1915185.7261909
   610.000 1907716.2467629
   610.500 1900242.5460980
   611.000 1892052.6452981
   611.500 1883862.7444982
   612.000 1875672.8436983
   612.500 1867706.2152616
   613.000 1859825.2751585
   613.500 1851944.3350554
   614.000 1844302.4383403
   614.500 1836965.3338711
   615.000 1829628.2294018
   615.500 1822505.5657993
   616.000 1816540.0261430
   616.500 1810574.4864866
   617.000 1804608.9468302
   617.500 1797478.5786536
   618.000 1790179.1266872
   618.500 1782879.6747207
   619.000 1775706.7160490
   619.500 1768621.6097982
   620.000 1761536.5035473
   620.500 1754961.0603052
   621.000 1749536.4532919
   621.500 1744111.8462785
   622.000 1738658.8405237
   622.500 1732042.4212247
   623.000 1725426.0019258
   623.500 1718809.5826268
   624.000 1713446.3938827
   624.500 1708522.1002273
   625.000 1703597.8065719
   625.500 1698607.1242686
   626.000 1693537.7559790
   626.500 1688468.3876894
   627.000 1683161.7634323
   627.500 1676732.0916839
   628.000 1670302.4199355
   628.500 1663872.7481872
   629.000 1658627.8022554
   629.500 1653527.4743062
   630.000 1648427.1463571
   630.500 1643625.8342823
   631.000 1639017.2235163
   631.500 1634408.6127504
   632.000 1629579.2566168
   632.500 1624291.2252997
   633.000 1619003.1939826
   633.500 1613672.5938018
   634.000 1607366.0906471
   634.500 1601059.5874925
   635.000 1594753.0843378
   635.500 1589747.3748310
   636.000 1585155.3944031
   636.500 1580563.4139751
   637.000 1576320.5117233
   637.500 1572462.5271997
   638.000 1568604.5426760
   638.500 1564334.6651885
   639.000 1558335.6734448
   639.500 1552336.6817010
   640.000 1546337.6899572
   640.500 1540501.4565881
   641.000 1534681.4623369
   641.500 1528861.4680858
   642.000 1522646.4124614
   642.500 1516195.4045489
   643.000 1509744.3966364
   643.500 1503111.2514665
   644.000 1496129.1828352
   644.500 1489147.1142040
   645.000 1482164.9813090
   645.500 1475181.8374134
   646.000 1468198.6935179
   646.500 1461215.5496224
   647.000 1453406.5020087
   647.500 1445359.9539137
   648.000 1437313.4058187
   648.500 1429228.1496921
   649.000 1421103.1745465
   649.500 1412978.1994008
   650.000 1404735.1724301
   650.500 1396049.2456386
   651.000 1387363.3188470
   651.500 1378677.3920555
   652.000 1371165.1345089
   652.500 1363744.9659357
   653.000 1356324.7973625
   653.500 1350358.1700974
   654.000 1345194.5605861
   654.500 1340030.9510749
   655.000 1334580.7569932
   655.500 1328623.1467205
   656.000 1322665.5364478
   656.500 1316706.4999627
   657.000 1310730.5654470
   657.500 1304754.6309313
   658.000 1298778.6964157
   658.500 1292148.0147290
   659.000 1285348.1143487
   659.500 1278548.2139685
   660.000 1272679.0448437
   660.500 1267698.6726716
   661.000 1262718.3004996
   661.500 1257952.1205565
   662.000 1253909.8696779
   662.500 1249867.6187992
   663.000 1245825.3679206
   663.500 1241061.9600865
   664.000 1236256.7535755
   664.500 1231451.5470645
   665.000 1227519.6791853
   665.500 1224033.4973428
   666.000 1220547.3155003
   666.500 1216784.3523693
   667.000 1212567.6961023
   667.500 1208351.0398353
   668.000 1204041.9605435
   668.500 1198860.5625952
   669.000 1193679.1646470
   669.500 1188497.7666987
   670.000 1183090.9212633
   670.500 1177632.1161990
   671.000 1172173.3111346
   671.500 1167007.3998133
   672.000 1162101.7544423
   672.500 1157196.1090714
   673.000 1152013.5207451
   673.500 1145983.8583598
   674.000 1139954.1959744
   674.500 1133924.5335891
   675.000 1127158.1017240
   675.500 1120363.5078348
   676.000 1113568.9139455
   676.500 1107439.9975673
   677.000 1101624.2286293
   677.500 1095808.4596914
   678.000 1089258.6590028
   678.500 1081593.8159707
   679.000 1073928.9729387
   679.500 1066298.2836820
   680.000 1058933.6418926
   680.500 1051569.0001033
   681.000 1044204.3583139
   681.500 1036996.5150550
   682.000 1029820.6361474
   682.500 1022644.7572399
   683.000 1014213.2437723
   683.500 1004743.8050314
   684.000 995274.3662904
   684.500 986153.1217817
   685.000 978000.8274313
   685.500 969848.5330810
   686.000 961696.2387306
   686.500 954274.6964186
   687.000 946867.1175214
   687.500 939459.5386242
   688.000 931680.9552730
   688.500 923741.8870057
   689.000 915802.8187384
   689.500 908342.6588073
   690.000 901557.7495039
   690.500 894772.8402004
   691.000 888073.4418891
   691.500 881937.1489892
   692.000 875800.8560893
   692.500 869664.5631894
   693.000 863750.9476694
   693.500 857877.0502130
   694.000 852003.1527565
   694.500 846635.5494104
   695.000 841656.9120428
   695.500 836678.2746751
   696.000 832102.0639731
   696.500 828548.8328075
   697.000 824995.6016418
   697.500 821442.3704762
   698.000 817860.9544334
   698.500 814279.5163555
   699.000 810698.0782775
   699.500 806399.2768879
   700.000 801816.0931200
   700.500 797232.9093521
   701.000 793182.7190132
   701.500 789830.4447785
   702.000 786478.1705438
   702.500 783158.0865350
   703.000 780020.6937250
   703.500 776883.3009150
   704.000 773745.9081050
   704.500 770006.1346739
   705.000 766173.7133913
   705.500 762341.2921088
   706.000 758004.4869733
   706.500 753307.6487059
   707.000 748610.8104386
   707.500 743668.6845377
   708.000 738155.2839891
   708.500 732641.8834405
   709.000 727119.6367735
   709.500 721091.5499734
   710.000 715063.4631734
   710.500 709035.3763733
   711.000 703800.3172350
   711.500 698852.5289054
   712.000 693904.7405758
   712.500 688544.5472103
   713.000 682682.0898989
   713.500 676819.6325875
   714.000 670830.6439782
   714.500 664214.0069341
   715.000 657597.3698901
   715.500 650980.7328461
   716.000 642999.5345904
   716.500 634840.4418323
   717.000 626681.3490742
   717.500 618735.1364142
   718.000 610929.9797437
   718.500 603124.8230732
   719.000 595599.5914385
   719.500 588673.7084309
   720.000 581747.8254233
   720.500 574803.5939760
   721.000 567357.2469162
   721.500 559910.8998565
   722.000 552464.5527968
   722.500 544173.5720611
   723.000 535604.1177911
   723.500 527034.6635212
   724.000 520073.1709015
   724.500 514932.6054751
   725.000 509792.0400488
   725.500 504907.9145897
   726.000 501147.9722383
   726.500 497388.0298868
   727.000 493628.0875354
   727.500 490885.3562382
   728.000 488252.3467288
   728.500 485619.3372193
   729.000 483432.5560556
   729.500 481519.8142998
   730.000 479607.0725441
   730.500 477530.5315368
   731.000 475130.7677251
   731.500 472731.0039133
   732.000 470383.5110219
   732.500 468965.8660910
   733.000 467548.2211600
   733.500 466130.5762291
   734.000 464537.8744897
   734.500 462892.8888411
   735.000 461247.9031926
   735.500 459613.4093658
   736.000 457989.9713042
   736.500 456366.5332426
   737.000 454880.9514218
   737.500 453933.9138695
   738.000 452986.8763173
   738.500 452039.8387650
   739.000 448358.7975198
   739.500 444441.9710732
   740.000 440525.1446267
   740.500 437697.9037743
   741.000 435490.2312010
   741.500 433282.5586277
   742.000 430856.8745896
   742.500 428034.0361399
   743.000 425211.1976901
   743.500 422351.7097459
   744.000 419014.0690238
   744.500 415676.4283017
   745.000 412338.7875796
   745.500 409577.9826854
   746.000 406972.2872432
   746.500 404366.5918010
   747.000 401140.2713665
   747.500 397305.3302611
   748.000 393470.3891557
   748.500 389507.0275730
   749.000 385093.0352334
   749.500 380679.0428937
   750.000 376265.0505541
   750.500 370782.8293388
   751.000 365230.8153011
   751.500 359678.8012635
   752.000 353811.4437720
   752.500 347778.4053043
   753.000 341745.3668367
   753.500 335507.1203637
   754.000 328922.9855330
   754.500 322338.8507023
   755.000 315832.6186829
   755.500 310121.2682064
   756.000 304409.9177299
   756.500 298698.5672534
   757.000 293256.1058792
   757.500 287878.3421129
   758.000 282500.5783467
   758.500 277090.6573744
   759.000 271651.4015819
   759.500 266212.1457894
   760.000 261126.3476857
   760.500 257161.3925646
   761.000 253196.4374435
   761.500 249231.4823225
   762.000 246764.3160694
   762.500 244365.0365720
   763.000 241965.7570746
   763.500 239946.4658563
   764.000 238111.4381794
   764.500 236276.4105026
   765.000 235092.2508911
   765.500 234924.6961996
   766.000 234757.1415081
   766.500 234586.1383330
   767.000 234386.4229308
   767.500 234186.7075286
   768.000 233986.9921264
   768.500 234255.5927040
   769.000 234624.2057980
   769.500 234992.8188920
   770.000 235528.1976602
   770.500 236205.1119649
   771.000 236882.0262695
   771.500 237465.6313477
   772.000 237780.6188154
   772.500 238095.6062832
   773.000 238410.5937509
   773.500 237926.0988055
   774.000 237420.7756819
   774.500 236915.4525584
   775.000 235566.7535856
   775.500 233841.6325355
   776.000 232116.5114854
   776.500 230519.4600824
   777.000 229108.0039753
   777.500 227696.5478682
   778.000 226343.8259025
   778.500 225401.5095668
   779.000 224459.1932312
   779.500 223516.8768956
   780.000 222495.5766345
   780.500 221459.4651651
   781.000 220423.3536957
   781.500 218769.9304819
   782.000 216629.2809481
   782.500 214488.6314142
   783.000 212438.1954843
   783.500 210624.6661600
   784.000 208811.1368357
   784.500 206997.6075114
   785.000 204281.9623073
   785.500 201559.5717166
   786.000 198837.1811260
   786.500 196427.6676174
   787.000 194146.2765551
   787.500 191864.8854929
   788.000 189751.5407655
   788.500 187864.2849343
   789.000 185977.0291030
   789.500 184121.2375241
   790.000 182453.7593764
   790.500 180786.2812288
   791.000 179118.8030811
   791.500 177482.4488525
   792.000 175851.1588427
   792.500 174219.8688328
   793.000 172443.2216369
   793.500 170559.9923258
   794.000 168676.7630148
   794.500 166728.9594184
   795.000 164625.9027530
   795.500 162522.8460876
   796.000 160426.6312000
   796.500 158972.2810506
   797.000 157517.9309012
   797.500 156063.5807518
   798.000 154632.6299625
   798.500 153210.4464730
   799.000 151788.2629836
   799.500 150333.9155622
   800.000 148839.3455635
   800.500 147344.7755649
   801.000 145798.7796266
   801.500 143985.2503023
   802.000 142171.7209779
   802.500 140358.1916536
   803.000 139110.7426323
   803.500 137941.9315742
   804.000 136773.1205161
   804.500 135251.8460860
   805.000 133490.4845364
   805.500 131729.1229869
   806.000 130141.6615817
   806.500 128938.0004750
   807.000 127734.3393683
   807.500 126524.3873058
   808.000 125100.8641841
   808.500 123677.3410625
   809.000 122253.8179408
   809.500 120661.4133986
   810.000 119011.3582132
   810.500 117361.3030277
   811.000 115939.3547385
   811.500 114782.6077544
   812.000 113625.8607703
   812.500 112405.7025624
   813.000 110895.0967231
   813.500 109384.4908839
   814.000 107873.8850446
   814.500 106238.3331489
   815.000 104588.2779635
   815.500 102938.2227780
   816.000 101556.8084818
   816.500 100345.0711450
   817.000 99133.3338082
   817.500 98077.2052099
   818.000 97337.3166355
   818.500 96597.4280612
   819.000 95820.0006226
   819.500 94274.2457417
   820.000 92728.4908609
   820.500 91182.7359800
   821.000 90122.4192512
   821.500 89212.4902124
   822.000 88302.5611736
   822.500 87511.5722949
   823.000 86849.2941986
   823.500 86187.0161022
   824.000 85534.9397291
   824.500 84924.3773053
   825.000 84313.8148815
   825.500 83703.2524577
   826.000 82997.6483992
   826.500 82283.1087909
   827.000 81568.5691826
   827.500 81049.5720694
   828.000 80644.9945462
   828.500 80240.4170231
   829.000 79762.3716998
   829.500 79146.4710357
   830.000 78530.5703717
   830.500 77921.0451181
   831.000 77403.7611332
   831.500 76886.4771482
   832.000 76369.1931632
   832.500 76014.6601929
   833.000 75705.6454159
   833.500 75396.6306390
   834.000 75068.3616352
   834.500 74720.7025466
   835.000 74373.0434579
   835.500 74012.9185694
   836.000 73607.3421596
   836.500 73201.7657497
   837.000 72796.1893398
   837.500 72283.4728805
   838.000 71762.9431843
   838.500 71242.4134881
   839.000 70776.8554197
   839.500 70341.0247154
   840.000 69905.1940112
   840.500 69444.8223243
   841.000 68941.8709836
   841.500 68438.9196429
   842.000 67928.4759068
   842.500 67334.8364828
   843.000 66741.1970589
   843.500 66147.5576349
   844.000 65644.3545059
   844.500 65163.8433170
   845.000 64683.3321282
   845.500 64175.7985326
   846.000 63642.9595312
   846.500 63110.1205299
   847.000 62578.2626681
   847.500 62049.6308967
   848.000 61520.9991252
   848.500 60992.3673538
   849.000 60449.6730895
   849.500 59906.2386941
   850.000 59362.8042987
   850.500 59002.0354077
   851.000 58732.5457948
   851.500 58463.0561819
   852.000 58099.8397755
   852.500 57586.1357801
   853.000 57072.4317848
   853.500 56560.7653124
   854.000 56067.3178423
   854.500 55573.8703723
   855.000 55080.4229022
   855.500 54653.4905389
   856.000 54241.4187801
   856.500 53829.3470213
   857.000 53386.5463578
   857.500 52916.9702160
   858.000 52447.3940743
   858.500 51978.8513159
   859.000 51513.3894235
   859.500 51047.9275310
   860.000 50582.4656386
   860.500 50199.4755957
   861.000 49819.2146411
   861.500 49438.9536864
   862.000 49070.6285605
   862.500 48707.7981378
   863.000 48344.9677152
   863.500 47976.1859362
   864.000 47598.5422197
   864.500 47220.8985032
   865.000 46850.3781956
   865.500 46532.8199494
   866.000 46215.2617032
   866.500 45897.7034570
   867.000 45573.6196996
   867.500 45248.2497593
   868.000 44922.8798190
   868.500 44596.7293354
   869.000 44269.9462475
   869.500 43943.1631596
   870.000 43616.9000394
   870.500 43292.0489068
   871.000 42967.1977743
   871.500 42642.3466418
   872.000 42283.9822655
   872.500 41925.1398839
   873.000 41566.2975023
   873.500 41211.3700275
   874.000 40858.0970611
   874.500 40504.8240947
   875.000 40146.9994110
   875.500 39782.8819632
   876.000 39418.7645154
   876.500 39061.3497882
   877.000 38746.3281044
   877.500 38431.3064207
   878.000 38116.2847370
   878.500 37795.5325002
   879.000 37473.7967586
   879.500 37152.0610170
   880.000 36819.5911853
   880.500 36479.0340222
   881.000 36138.4768590
   881.500 35809.6940153
   882.000 35510.1467230
   882.500 35210.5994308
   883.000 34911.0557265
   883.500 34612.4269563
   884.000 34313.7981862
   884.500 34015.1694160
   885.000 33674.2273433
   885.500 33316.9033360
   886.000 32959.5793287
   886.500 32616.8501179
   887.000 32292.8707528
   887.500 31968.8913877
   888.000 31643.6669312
   888.500 31311.6283152
   889.000 30979.5896992
   889.500 30647.5510832
   890.000 30315.4205934
   890.500 29983.2765553
   891.000 29651.1325171
   891.500 29316.9602752
   892.000 28981.3685599
   892.500 28645.7768446
   893.000 28307.9841945
   893.500 27965.1827624
   894.000 27622.3813303
   894.500 27279.4148113
   895.000 26929.1333644
   895.500 26578.8519176
   896.000 26228.5704708
   896.500 25905.1837906
   897.000 25591.3023445
   897.500 25277.4208985
   898.000 24975.5447933
   898.500 24688.0102629
   899.000 24400.4757324
   899.500 24107.3161228
   900.000 23787.2019395
   900.500 23467.0877562
   901.000 23146.9735729
   901.500 22900.7017028
   902.000 22663.6074167
   902.500 22426.5131305
   903.000 22200.0367507
   903.500 21980.4565369
   904.000 21760.8763231
   904.500 21538.5736908
   905.000 21310.5661576
   905.500 21082.5586244
   906.000 20854.4942001
   906.500 20625.0657750
   907.000 20395.6373499
   907.500 20166.2089247
   908.000 19954.8481676
   908.500 19749.2923752
   909.000 19543.7365829
   909.500 19349.0090850
   910.000 19166.3155065
   910.500 18983.6219279
   911.000 18809.5919897
   911.500 18672.3470161
   912.000 18535.1020425
   912.500 18397.8570688
   913.000 18280.2369540
   913.500 18164.6190329
   914.000 18049.0011117
   914.500 17921.7844110
   915.000 17787.5852177
   915.500 17653.3860243
   916.000 17502.7501779
   916.500 17320.3794632
   917.000 17138.0087485
   917.500 16958.6786680
   918.000 16828.7256322
   918.500 16698.7725963
   919.000 16568.8195604
   919.500 16403.0341995
   920.000 16226.8342453
   920.500 16050.6342912
   921.000 15855.9212376
   921.500 15642.0625383
   922.000 15428.2038389
   922.500 15216.9609960
   923.000 15015.6427291
   923.500 14814.3244621
   924.000 14613.0061952
   924.500 14388.3287198
   925.000 14161.7679138
   925.500 13935.2071077
   926.000 13685.3812230
   926.500 13422.5925515
   927.000 13159.8038800
   927.500 12903.4905605
   928.000 12658.7300618
   928.500 12413.9695631
   929.000 12168.4087920
   929.500 11913.1151508
   930.000 11657.8215095
   930.500 11402.5278682
   931.000 11130.4704931
   931.500 10854.0311702
   932.000 10577.5918474
   932.500 10314.9183059
   933.000 10065.4831225
   933.500 9816.0479391
   934.000 9582.2166060
   934.500 9401.6536201
   935.000 9221.0906342
   935.500 9040.5276483
   936.000 8870.1858639
   936.500 8700.4577746
   937.000 8530.7296852
   937.500 8364.8358954
   938.000 8200.9142575
   938.500 8036.9926195
   939.000 7877.6078435
   939.500 7725.7155868
   940.000 7573.8233300
   940.500 7425.7839125
   941.000 7314.9031284
   941.500 7204.0223443
   942.000 7093.1415602
   942.500 7011.0095829
   943.000 6935.5886611
   943.500 6860.1677394
   944.000 6775.4735465
   944.500 6682.4807719
   945.000 6589.4879974
   945.500 6502.7583095
   946.000 6435.3781625
   946.500 6367.9980155
   947.000 6300.6178685
   947.500 6261.7080240
   948.000 6223.9374554
   948.500 6186.1668868
   949.000 6134.0641513
   949.500 6075.1646784
   950.000 6016.2652054
   950.500 5965.9603540
   951.000 5928.8129627
   951.500 5891.6655714
   952.000 5856.6385913
   952.500 5838.4379917
   953.000 5820.2373921
   953.500 5802.0367924
   954.000 5772.9875913
   954.500 5741.6991399
   955.000 5710.4106885
   955.500 5669.4286549
   956.000 5620.3767340
   956.500 5571.3248131
   957.000 5531.6639322
   957.500 5518.3874016
   958.000 5505.1108711
   958.500 5491.8343405
   959.000 5468.9126675
   959.500 5445.7890524
   960.000 5422.6654373
   960.500 5416.2935744
   961.000 5417.2285789
   961.500 5418.1635834
   962.000 5413.1510940
   962.500 5399.6883850
   963.000 5386.2256759
   963.500 5373.1838247
   964.000 5362.9614044
   964.500 5352.7389840
   965.000 5342.5165637
   965.500 5328.8637969
   966.000 5314.5907829
   966.500 5300.3177690
   967.000 5287.9770368
   967.500 5277.1320492
   968.000 5266.2870616
   968.500 5260.1970104
   969.000 5266.3055535
   969.500 5272.4140966
   970.000 5278.5226397
   970.500 5235.3304542
   971.000 5192.0127756
   971.500 5148.6950970
   972.000 5108.1374772
   972.500 5068.6840319
   973.000 5029.2305867
   973.500 4998.2396654
   974.000 4978.4183594
   974.500 4958.5970535
   975.000 4938.5452146
   975.500 4917.1667463
   976.000 4895.7882779
   976.500 4874.4098096
   977.000 4823.1149980
   977.500 4767.1449153
   978.000 4711.1748326
   978.500 4673.5837238
   979.000 4649.2121469
   979.500 4624.8405701
   980.000 4601.0840553
   980.500 4578.7720717
   981.000 4556.4600880
   981.500 4533.9932839
   982.000 4501.5187402
   982.500 4469.0441964
   983.000 4436.5696526
   983.500 4392.3675407
   984.000 4343.8766870
   984.500 4295.3858333
   985.000 4245.6062025
   985.500 4194.2451709
   986.000 4142.8841393
   986.500 4095.5797874
   987.000 4068.6542887
   987.500 4041.7287900
   988.000 4014.8032913
   988.500 3954.5334648
   989.000 3889.8373959
   989.500 3825.1413269
   990.000 3773.1876688
   990.500 3729.7427857
   991.000 3686.2979025
   991.500 3649.3854400
   992.000 3626.5734931
   992.500 3603.7615461
   993.000 3579.8399741
   993.500 3523.8041259
   994.000 3467.7682778
   994.500 3411.7324297
   995.000 3368.6543932
   995.500 3329.8866340
   996.000 3291.1188748
   996.500 3254.6806075
   997.000 3220.8990527
   997.500 3187.1174979
   998.000 3155.1363125
   998.500 3131.1402041
   999.000 3107.1440956
   999.500 3083.1479872
  1000.000 3031.3354379
  1000.500 2976.4589772
  1001.000 2921.5825165
  1001.500 2876.2508797
  1002.000 2836.8247829
  1002.500 2797.3986861
  1003.000 2756.2161343
  1003.500 2711.5370880
  1004.000 2666.8580417
  1004.500 2622.3755795
  1005.000 2581.5235684
  1005.500 2540.6715572
  1006.000 2499.8195461
  1006.500 2461.4614807
  1007.000 2423.8552757
  1007.500 2386.2490708
  1008.000 2350.5208735
  1008.500 2316.7871606
  1009.000 2283.0534478
  1009.500 2248.1490575
  1010.000 2208.6185689
  1010.500 2169.0880803
  1011.000 2129.5575918
  1011.500 2092.9273842
  1012.000 2056.5529928
  1012.500 2020.1786014
  1013.000 1983.8359258
  1013.500 1947.5114223
  1014.000 1911.1869188
  1014.500 1876.2152543
  1015.000 1843.7281672
  1015.500 1811.2410802
  1016.000 1778.5305085
  1016.500 1742.8292585
  1017.000 1707.1280084
  1017.500 1671.4267584
  1018.000 1637.8917526
  1018.500 1604.9453883
  1019.000 1571.9990239
  1019.500 1539.6475302
  1020.000 1507.8835176
  1020.500 1476.1195050
  1021.000 1445.5827522
  1021.500 1419.3942231
  1022.000 1393.2056940
  1022.500 1367.0171650
  1023.000 1341.9351230
  1023.500 1316.9278311
  1024.000 1291.9205392
  1024.500 1264.4451010
  1025.000 1235.6622166
  1025.500 1206.8793322
  1026.000 1179.6852368
  1026.500 1155.1904915
  1027.000 1130.6957463
  1027.500 1106.7211106
  1028.000 1088.1837780
  1028.500 1069.6464454
  1029.000 1051.1091128
  1029.500 1029.9057553
  1030.000 1008.0536949
  1030.500 986.2016345
  1031.000 962.6022351
  1031.500 937.3969607
  1032.000 912.1916862
  1032.500 888.3680277
  1033.000 868.9705318
  1033.500 849.5730359
  1034.000 830.1755400
  1034.500 812.8264623
  1035.000 795.5741702
  1035.500 778.3218782
  1036.000 757.7958262
  1036.500 735.6695438
  1037.000 713.5432614
  1037.500 691.5423767
  1038.000 669.7388878
  1038.500 647.9353988
  1039.000 626.7867774
  1039.500 611.1924002
  1040.000 595.5980230
  1040.500 580.0036457
  1041.000 563.5585370
  1041.500 546.9295409
  1042.000 530.3005448
  1042.500 513.0936545
  1043.000 495.3926225
  1043.500 477.6915906
  1044.000 460.4336423
  1044.500 444.4643573
  1045.000 428.4950723
  1045.500 412.5257872
  1046.000 396.3512771
  1046.500 380.1710400
  1047.000 363.9908029
  1047.500 349.5213286
  1048.000 335.8217219
  1048.500 322.1221152
  1049.000  0.0000000
  1049.500  0.0000000
  1050.000  0.0000000
  1050.500  0.0000000
  1051.000  0.0000000
  1051.500  0.0000000
  1052.000  0.0000000
  1052.500  0.0000000
  1053.000  0.0000000
  1053.500  0.0000000
  1054.000  0.0000000
  1054.500  0.0000000
  1055.000  0.0000000
  1055.500  0.0000000
  1056.000  0.0000000
  1056.500  0.0000000
  1057.000  0.0000000
  1057.500  0.0000000
  1058.000  0.0000000
  1058.500  0.0000000
  1059.000  0.0000000
  1059.500  0.0000000
  1060.000  0.0000000
  1060.500  0.0000000
  1061.000  0.0000000
  1061.500  0.0000000
  1062.000  0.0000000
