  1150.000        INF
  1155.000        INF
  1160.000 23993.1686425
  1165.000 79652.4266869
  1170.000        INF
  1175.000        INF
  1180.000  0.0000000
  1185.000 56545.4887617
  1190.000        INF
  1195.000        INF
  1200.000        INF
  1205.000 7098.2845257
  1210.000  0.0000000
  1215.000  0.0000000
  1220.000  0.0000000
  1225.000        INF
  1230.000 3027798.2090202
  1235.000 20399.4698101
  1240.000 39283.2485306
  1245.000 701721.2136853
  1250.000 40872.5905999
  1255.000  0.0000000
  1260.000  0.0000000
  1265.000        INF
  1270.000        INF
  1275.000  0.0000000
  1280.000        INF
  1285.000        INF
  1290.000 568826.4372421
  1295.000 41035.0320899
  1300.000  0.0000000
  1305.000        INF
  1310.000 24106.7439724
  1315.000  0.0000000
  1320.000        NAN
  1325.000        INF
  1330.000 669798.7762687
  1335.000 41208.6804507
  1340.000 4793.0756933
  1345.000  0.0000000
  1350.000 97969.3267755
  1355.000        INF
  1360.000        NAN
  1365.000        INF
  1370.000        INF
  1375.000 46926.9602950
  1380.000 96999.3122918
  1385.000        INF
  1390.000 1394568.2180966
  1395.000 11748.3844477
  1400.000  0.0000000
  1405.000 37329.5335338
  1410.000        INF
  1415.000        INF
  1420.000        INF
  1425.000 1125167.5656254
  1430.000  0.0000000
  1435.000        INF
  1440.000        INF
  1445.000        INF
  1450.000        NAN
  1455.000        NAN
  1460.000        INF
  1465.000 971461.2663174
  1470.000 14965.6450151
  1475.000 150064.7989945
  1480.000 3701239.0551387
  1485.000 173704.0507157
  1490.000  0.0000000
  1495.000  0.0000000
  1500.000  0.0000000
  1505.000  0.0000000
  1510.000  0.0000000
  1515.000  0.0000000
  1520.000 9627967.7889748
  1525.000 1637752.1654537
  1530.000 3386734.3994094
  1535.000 465926.3463354
  1540.000 41626.8393970
  1545.000 12636.1422829
  1550.000 23877.9779136
  1555.000 127840.7718201
  1560.000 26544.1088188
  1565.000  0.0000000
  1570.000 28452.3896417
  1575.000 538773.9276431
  1580.000        INF
  1585.000        INF
  1590.000        INF
  1595.000        INF
  1600.000 104488.0668991
  1605.000  0.0000000
  1610.000  0.0000000
  1615.000        INF
  1620.000        INF
  1625.000 237091.9401139
  1630.000  0.0000000
  1635.000 79699.2930623
  1640.000        INF
  1645.000        INF
  1650.000 215785.6678449
  1655.000 85654.9645667
  1660.000 1196.2076253
  1665.000        NAN
  1670.000  0.0000000
  1675.000  0.0000000
  1680.000        NAN
  1685.000        INF
  1690.000 46557.0188103
  1695.000 21369.9052393
  1700.000  0.0000000
  1705.000 1237.4018653
  1710.000 19235.1458558
  1715.000        INF
  1720.000        NAN
  1725.000        NAN
  1730.000 2450936.3419595
  1735.000 139310.3585024
  1740.000 1265.1220921
  1745.000 3001.1093620
  1750.000  0.0000000
  1755.000 3965.3670107
  1760.000 36839.7702543
  1765.000        INF
  1770.000 8406.1081658
  1775.000 8893.1719045
  1780.000        INF
  1785.000        INF
  1790.000        INF
  1795.000        INF
  1800.000        INF
  1805.000 3873.2161700
  1810.000 1124.8272436
  1815.000  0.0000000
  1820.000        INF
  1825.000        INF
  1830.000        INF
  1835.000        INF
  1840.000 466682.9386007
  1845.000 16676.9967482
  1850.000 34044.2483257
  1855.000        NAN
  1860.000        NAN
  1865.000        INF
  1870.000        INF
  1875.000        INF
  1880.000 3367.5060710
  1885.000 223.5740830
  1890.000 50462.8624827
  1895.000 2935.2308289
  1900.000 2653.2747843
  1905.000 42230.3522568
  1910.000        INF
  1915.000        INF
  1920.000        INF
  1925.000        NAN
  1930.000        NAN
  1935.000        INF
  1940.000        INF
  1945.000        INF
  1950.000        INF
  1955.000 561.8461862
  1960.000  0.0000000
  1965.000        NAN
  1970.000        INF
  1975.000        INF
  1980.000        INF
  1985.000        INF
  1990.000        INF
  1995.000 3206.5866900
  2000.000 175.6886111
  2005.000        INF
  2010.000        INF
  2015.000  0.0000000
  2020.000        INF
  2025.000        INF
  2030.000        NAN
  2035.000        INF
  2040.000        INF
  2045.000        INF
  2050.000        INF
  2055.000        INF
  2060.000        INF
  2065.000        INF
  2070.000        INF
  2075.000        INF
  2080.000  0.0000000
  2085.000  0.0000000
  2090.000  0.0000000
  2095.000  0.0000000
  2100.000  0.0000000
  2105.000        NAN
  2110.000        INF
  2115.000        INF
  2120.000        INF
  2125.000        INF
  2130.000        INF
  2135.000 1023.0683572
  2140.000 5030.2791230
  2145.000        INF
  2150.000        INF
  2155.000  0.0000000
  2160.000  0.0000000
  2165.000 98852.4302178
  2170.000        INF
  2175.000  0.0000000
  2180.000  0.0000000
  2185.000        NAN
  2190.000        NAN
  2195.000        INF
  2200.000 126.9035465
  2205.000 422.3838467
  2210.000        INF
  2215.000        NAN
  2220.000        INF
  2225.000 2300.6533569
  2230.000 610.7819730
  2235.000 23.9078219
  2240.000        INF
  2245.000        INF
  2250.000        NAN
  2255.000  0.0000000
  2260.000  0.0000000
  2265.000        NAN
  2270.000  0.0000000
  2275.000 4106.8151451
  2280.000 23915.0020774
  2285.000 230.6177303
  2290.000 474.2910245
  2295.000        NAN
  2300.000  0.0000000
  2305.000  0.0000000
  2310.000  0.0000000
  2315.000  0.0000000
  2320.000  0.0000000
  2325.000  0.0000000
  2330.000 652.6244689
  2335.000        INF
  2340.000        NAN
  2345.000        INF
  2350.000        INF
  2355.000  0.0000000
  2360.000  0.0000000
  2365.000  0.0000000
  2370.000  0.0000000
  2375.000  0.0000000
  2380.000  0.0000000
  2385.000 77.3658725
  2390.000 52.4137059
  2395.000  0.0000000
  2400.000 26.3350004
  2405.000 70.9412544
  2410.000 10.8496421
  2415.000 310.6919282
  2420.000 1459.1339917
  2425.000 39.9594871
  2430.000  0.0000000
  2435.000  0.0000000
  2440.000 10.8634227
  2445.000 13.6992113
  2450.000  0.0000000
  2455.000        NAN
  2460.000        INF
  2465.000        INF
  2470.000  1.5614998
  2475.000 60.1982243
  2480.000  9.1811864
  2485.000  0.0000000
  2490.000 24.2200933
  2495.000 44.6929298
  2500.000  0.0000000
  2505.000 66.2001029
  2510.000        INF
  2515.000        INF
  2520.000 1739.0172209
  2525.000 46.6910902
  2530.000  0.0000000
  2535.000  0.0000000
  2540.000  0.0000000
  2545.000  7.2677002
  2550.000 24.9621651
  2555.000 29.6521368
  2560.000  0.0000000
  2565.000        NAN
  2570.000        INF
  2575.000        INF
  2580.000 119.7972705
  2585.000 14.6293729
  2590.000 15.4597787
  2595.000 470.0126798
  2600.000        NAN
  2605.000        NAN
  2610.000        INF
  2615.000        INF
  2620.000        INF
  2625.000        INF
  2630.000 262.9472899
  2635.000 54.2711935
  2640.000        INF
  2645.000        INF
  2650.000        INF
  2655.000        INF
  2660.000  0.0000000
  2665.000  3.3025633
  2670.000  7.2440599
  2675.000 20.9367055
  2680.000 69.6563109
  2685.000        INF
  2690.000        INF
  2695.000        INF
  2700.000        INF
  2705.000        INF
  2710.000 14.1137714
  2715.000 12.0017860
  2720.000  0.3058209
  2725.000  0.5582331
  2730.000  0.0000000
  2735.000  0.2885771
  2740.000 20.5052611
  2745.000 7644.7746470
  2750.000 788.5060002
  2755.000        INF
  2760.000        NAN
  2765.000  0.0000000
  2770.000 20.7457081
  2775.000 123.2613949
  2780.000  0.0000000
  2785.000  8.6520548
  2790.000 175.9829461
  2795.000 69.8225424
  2800.000  0.0000000
  2805.000  0.0000000
  2810.000  0.0000000
  2815.000  4.2579826
  2820.000  9.2482202
  2825.000 19.9632648
  2830.000 37.1005649
  2835.000  5.4973983
  2840.000 65.1928320
  2845.000        INF
  2850.000        INF
  2855.000        INF
  2860.000        INF
  2865.000        NAN
  2870.000        INF
  2875.000 10.4536990
  2880.000 23.5353993
  2885.000  0.0000000
  2890.000  0.5217935
  2895.000        INF
  2900.000        INF
  2905.000        INF
  2910.000        INF
  2915.000 493.1976328
  2920.000 28.2761533
  2925.000 88.4460172
  2930.000 30.1531667
  2935.000  4.7535433
  2940.000 27.5497653
  2945.000 16.4917655
  2950.000  0.0000000
  2955.000  0.0000000
  2960.000        NAN
  2965.000 163.6989144
  2970.000 20.7163507
  2975.000 203.3227830
  2980.000        INF
  2985.000 20.9099321
  2990.000 11.2569836
  2995.000        INF
  3000.000 95.2388472
  3005.000  0.1620784
  3010.000        NAN
  3015.000  7.0614310
  3020.000  0.3032897
  3025.000  0.0000000
  3030.000  0.0000000
  3035.000  0.0000000
  3040.000  0.0000000
  3045.000  7.7164506
  3050.000 10.8922182
  3055.000  0.0000000
  3060.000  0.0000000
  3065.000  0.0000000
  3070.000 26.0779468
  3075.000 57.5417781
  3080.000 1416.9836676
  3085.000        INF
  3090.000  3.8363315
  3095.000  5.5929608
  3100.000 11.5232465
  3105.000  9.2582581
  3110.000  0.0000000
  3115.000  0.0000000
  3120.000  0.0000000
  3125.000        INF
  3130.000        INF
  3135.000        INF
  3140.000        INF
  3145.000        NAN
  3150.000 13.7971181
  3155.000 116.1293160
  3160.000 219.5510715
  3165.000  0.0000000
  3170.000  0.0000000
  3175.000  7.3371705
  3180.000 96.4658292
  3185.000  4.5317631
  3190.000 32.9413970
  3195.000        NAN
  3200.000        INF
  3205.000        INF
  3210.000        INF
  3215.000  0.0000000
  3220.000  0.2717297
  3225.000        INF
  3230.000        INF
  3235.000        NAN
  3240.000        INF
  3245.000        INF
  3250.000        NAN
  3255.000        INF
  3260.000        INF
  3265.000        NAN
  3270.000  0.0113334
  3275.000  0.0547407
  3280.000  3.0096967
  3285.000 69.6792472
  3290.000        INF
  3295.000        INF
  3300.000  0.3283835
  3305.000  0.0000000
  3310.000  3.9009675
  3315.000        INF
  3320.000        INF
  3325.000  2.5764904
  3330.000 12.0921803
  3335.000 17.1587069
  3340.000  6.2066251
  3345.000        INF
  3350.000        INF
  3355.000 21.1190349
  3360.000 66.3132194
  3365.000        INF
  3370.000        NAN
  3375.000        NAN
  3380.000        NAN
  3385.000        NAN
  3390.000        NAN
  3395.000        INF
  3400.000        INF
  3405.000        INF
  3410.000  0.0000000
  3415.000  0.0000000
  3420.000  1.0661453
  3425.000  6.0220685
  3430.000        INF
  3435.000  0.0000000
  3440.000  0.0000000
  3445.000        NAN
  3450.000        NAN
  3455.000        INF
  3460.000        INF
  3465.000        INF
  3470.000        INF
  3475.000        INF
  3480.000 18.2745864
  3485.000  2.9416868
  3490.000  8.1463032
  3495.000  0.7228381
  3500.000  5.8996140
  3505.000  4.8238323
  3510.000  1.9523478
  3515.000  0.4646497
  3520.000  2.4055782
  3525.000  1.4172691
  3530.000  0.0000000
  3535.000  0.0525513
  3540.000  0.3150418
  3545.000  1.0592833
  3550.000        INF
  3555.000 51.8073899
  3560.000  5.0958227
  3565.000 53.1470351
  3570.000 24.0939545
  3575.000 63.9697302
  3580.000 204.4155166
  3585.000  6.5095464
  3590.000 34.4782408
  3595.000        INF
  3600.000        INF
  3605.000        INF
  3610.000        INF
  3615.000        INF
  3620.000        INF
  3625.000        INF
  3630.000        INF
  3635.000  0.4024289
  3640.000  0.0000000
  3645.000  0.4803077
  3650.000  7.4022279
  3655.000 14.2387106
  3660.000        INF
  3665.000        INF
  3670.000        INF
  3675.000 10.8689465
  3680.000  0.0000000
  3685.000  0.4900613
  3690.000  4.2039650
  3695.000  6.1103470
  3700.000  4.1642286
  3705.000  0.1239143
  3710.000  0.5140763
  3715.000  0.0965531
  3720.000  1.1614910
  3725.000  3.4570578
  3730.000  3.4219369
  3735.000  1.6683768
  3740.000  1.0318829
  3745.000  0.9464882
  3750.000  0.1256642
  3755.000  0.2670650
  3760.000  0.7747753
  3765.000  1.2846332
  3770.000  0.8285295
  3775.000  0.2118425
  3780.000  0.0000000
  3785.000  0.1569417
  3790.000  0.6159202
  3795.000  0.9922298
  3800.000  0.7608685
  3805.000  0.6414243
  3810.000  0.3178252
  3815.000  0.3292324
  3820.000  0.8640682
  3825.000  0.7809979
  3830.000  0.6409903
  3835.000  0.5997391
  3840.000  0.5214883
  3845.000  0.3793833
  3850.000  0.4470877
  3855.000  0.5835539
  3860.000  0.5712650
  3865.000  0.4353951
  3870.000  0.4572889
  3875.000  0.4297425
  3880.000  0.4135902
  3885.000  0.3863606
  3890.000  0.3599909
  3895.000  0.3810598
  3900.000  0.4179764
  3905.000  0.4167487
  3910.000  0.3598875
  3915.000  0.3653654
  3920.000  0.3085214
  3925.000  0.3452130
  3930.000  0.5662686
  3935.000  0.5480925
  3940.000  0.4223951
  3945.000  0.3694695
  3950.000  0.3610263
  3955.000  0.3662076
  3960.000  0.3719244
  3965.000  0.4713572
  3970.000  0.5611541
  3975.000  0.4681471
  3980.000  0.4522683
  3985.000  0.4440190
  3990.000  0.4371685
  3995.000  0.4366063
  4000.000  0.4291517
  4005.000  0.4199643
  4010.000  0.4165473
  4015.000  0.4275701
  4020.000  0.4224792
  4025.000  0.4078796
  4030.000  0.4294452
  4035.000  0.4255351
  4040.000  0.4219408
  4045.000  0.4719110
  4050.000  0.4653044
  4055.000  0.4360171
  4060.000  0.4418281
  4065.000  0.4593716
  4070.000  0.4587961
  4075.000  0.4673063
  4080.000  0.4475722
  4085.000  0.4481375
  4090.000  0.4275291
  4095.000  0.4260948
  4100.000  0.4326430
  4105.000  0.4397233
  4110.000  0.4554712
  4115.000  0.4583312
  4120.000  0.4604318
  4125.000  0.4689828
  4130.000  0.4745320
  4135.000  0.4683749
  4140.000  0.4514384
  4145.000  0.4454580
  4150.000  0.4822610
  4155.000  0.4823004
  4160.000  0.4761019
  4165.000  0.4712133
  4170.000  0.4743312
  4175.000  0.4771384
  4180.000  0.4816485
  4185.000  0.4781950
  4190.000  0.4706502
  4195.000  0.4909894
  4200.000  0.5088864
  4205.000  0.4894358
  4210.000  0.4684664
  4215.000  0.4589337
  4220.000  0.4707848
  4225.000  0.4963007
  4230.000  0.4814341
  4235.000  0.4745102
  4240.000  0.4876541
  4245.000  0.4821778
  4250.000  0.4948789
  4255.000  0.5160848
  4260.000  0.5087252
  4265.000  0.4976686
  4270.000  0.5265437
  4275.000  0.5217375
  4280.000  0.4925175
  4285.000  0.4920669
  4290.000  0.4911640
  4295.000  0.4907650
  4300.000  0.5212794
  4305.000  0.5727253
  4310.000  0.5747325
  4315.000  0.5168171
  4320.000  0.4877616
  4325.000  0.5038043
  4330.000  0.5076229
  4335.000  0.5172494
  4340.000  0.5209467
  4345.000  0.5205975
  4350.000  0.5302119
  4355.000  0.5168943
  4360.000  0.5166574
  4365.000  0.5182057
  4370.000  0.5225219
  4375.000  0.5317449
  4380.000  0.5442727
  4385.000  0.5510419
  4390.000  0.5292708
  4395.000  0.5331443
  4400.000  0.5226711
  4405.000  0.5277466
  4410.000  0.5279444
  4415.000  0.5197140
  4420.000  0.5079479
  4425.000  0.5187196
  4430.000  0.5191060
  4435.000  0.5290244
  4440.000  0.5401639
  4445.000  0.5360198
  4450.000  0.5276487
  4455.000  0.5498097
  4460.000  0.5617892
  4465.000  0.5446352
  4470.000  0.5225089
  4475.000  0.5267089
  4480.000  0.5255557
  4485.000  0.5498565
  4490.000  0.5749576
  4495.000  0.5780068
  4500.000  0.5692569
  4505.000  0.5619418
  4510.000  0.5420567
  4515.000  0.5543823
  4520.000  0.5696168
  4525.000  0.5878919
  4530.000  0.6002686
  4535.000  0.5820201
  4540.000  0.5611173
  4545.000  0.5736205
  4550.000  0.5876912
  4555.000  0.5731844
  4560.000  0.5689753
  4565.000  0.5876650
  4570.000  0.5704681
  4575.000  0.5702036
  4580.000  0.5905189
  4585.000  0.5801211
  4590.000  0.5736084
  4595.000  0.5861981
  4600.000  0.5914667
  4605.000  0.5871240
  4610.000  0.5988578
  4615.000  0.5993501
  4620.000  0.5805951
  4625.000  0.5871629
  4630.000  0.5777845
  4635.000  0.5731959
  4640.000  0.5932289
  4645.000  0.6097630
  4650.000  0.6046019
  4655.000  0.6073859
  4660.000  0.6047045
  4665.000  0.6078203
  4670.000  0.6014800
  4675.000  0.6070504
  4680.000  0.6041471
  4685.000  0.6045444
  4690.000  0.5984576
  4695.000  0.6026777
  4700.000  0.6172092
  4705.000  0.6222403
  4710.000  0.6050920
  4715.000  0.6015625
  4720.000  0.6151021
  4725.000  0.6089890
  4730.000  0.6177123
  4735.000  0.6330054
  4740.000  0.6201843
  4745.000  0.6041656
  4750.000  0.6176008
  4755.000  0.6285642
  4760.000  0.6274737
  4765.000  0.6347378
  4770.000  0.6291503
  4775.000  0.6120251
  4780.000  0.6035631
  4785.000  0.6148859
  4790.000  0.6196123
  4795.000  0.6284217
  4800.000  0.6213135
  4805.000  0.6155597
  4810.000  0.6279643
  4815.000  0.6240525
  4820.000  0.6194094
  4825.000  0.6373340
  4830.000  0.6413037
  4835.000  0.6303383
  4840.000  0.6273287
  4845.000  0.6126563
  4850.000  0.6048693
  4855.000  0.6211229
  4860.000  0.6597048
  4865.000  0.6302130
  4870.000  0.6093646
  4875.000  0.5892445
  4880.000  0.5723593
  4885.000  0.5998433
  4890.000  0.6528266
  4895.000  0.6320828
  4900.000  0.6196465
  4905.000  0.6309919
  4910.000  0.6366693
  4915.000  0.6398655
  4920.000  0.6588235
  4925.000  0.6428206
  4930.000  0.6361840
  4935.000  0.6455115
  4940.000  0.6425624
  4945.000  0.6384736
  4950.000  0.6550331
  4955.000  0.6621421
  4960.000  0.6515289
  4965.000  0.6431827
  4970.000  0.6458600
  4975.000  0.6292275
  4980.000  0.6515581
  4985.000  0.6574824
  4990.000  0.6409879
  4995.000  0.6550720
  5000.000  0.6646507
  5005.000  0.6758330
  5010.000  0.6761932
  5015.000  0.6872510
  5020.000  0.6900930
  5025.000  0.6832039
  5030.000  0.6699168
  5035.000  0.6651849
  5040.000  0.6967439
  5045.000  0.6987967
  5050.000  0.6790714
  5055.000  0.6760356
  5060.000  0.6745938
  5065.000  0.6788024
  5070.000  0.6800878
  5075.000  0.6941756
  5080.000  0.7103088
  5085.000  0.6996688
  5090.000  0.6986369
  5095.000  0.7109611
  5100.000  0.6982722
  5105.000  0.7043262
  5110.000  0.6976521
  5115.000  0.6805581
  5120.000  0.7050134
  5125.000  0.7084166
  5130.000  0.6990813
  5135.000  0.7067860
  5140.000  0.7056799
  5145.000  0.6864873
  5150.000  0.6734526
  5155.000  0.6709146
  5160.000  0.6824707
  5165.000  0.7377046
  5170.000  0.7749437
  5175.000  0.7141672
  5180.000  0.7234906
  5185.000  0.7374363
  5190.000  0.6989044
  5195.000  0.7101889
  5200.000  0.7324498
  5205.000  0.7275101
  5210.000  0.7179083
  5215.000  0.7181588
  5220.000  0.7037945
  5225.000  0.7252692
  5230.000  0.7398744
  5235.000  0.7233952
  5240.000  0.7058020
  5245.000  0.7178424
  5250.000  0.7322755
  5255.000  0.7239629
  5260.000  0.7347528
  5265.000  0.7640591
  5270.000  0.7636146
  5275.000  0.7570231
  5280.000  0.7413875
  5285.000  0.7096141
  5290.000  0.7158388
  5295.000  0.7388879
  5300.000  0.7524719
  5305.000  0.7391176
  5310.000  0.7305724
  5315.000  0.7322135
  5320.000  0.7458663
  5325.000  0.7752866
  5330.000  0.7554632
  5335.000  0.7449322
  5340.000  0.7415407
  5345.000  0.7386662
  5350.000  0.7634212
  5355.000  0.7600864
  5360.000  0.7386995
  5365.000  0.7550542
  5370.000  0.7879056
  5375.000  0.7611689
  5380.000  0.7394970
  5385.000  0.7397183
  5390.000  0.7429789
  5395.000  0.7458844
  5400.000  0.7406072
  5405.000  0.7257451
  5410.000  0.7206132
  5415.000  0.7312719
  5420.000  0.7348573
  5425.000  0.7390273
  5430.000  0.7555132
  5435.000  0.7374643
  5440.000  0.7173688
  5445.000  0.7440643
  5450.000  0.7491876
  5455.000  0.7364804
  5460.000  0.7455245
  5465.000  0.7580787
  5470.000  0.7668786
  5475.000  0.7719475
  5480.000  0.7804908
  5485.000  0.7693089
  5490.000  0.7767214
  5495.000  0.7740475
  5500.000  0.7524381
  5505.000  0.7716866
  5510.000  0.7833791
  5515.000  0.7671438
  5520.000  0.7583674
  5525.000  0.7801161
  5530.000  0.7639893
  5535.000  0.7467307
  5540.000  0.7545102
  5545.000  0.7591385
  5550.000  0.7524315
  5555.000  0.7721298
  5560.000  0.7701413
  5565.000  0.7704786
  5570.000  0.7937262
  5575.000  0.7842633
  5580.000  0.7740182
  5585.000  0.8044339
  5590.000  0.7906383
  5595.000  0.7820558
  5600.000  0.8169527
  5605.000  0.7924876
  5610.000  0.7516472
  5615.000  0.7795128
  5620.000  0.7920334
  5625.000  0.7770213
  5630.000  0.7710821
  5635.000  0.7684673
  5640.000  0.7664047
  5645.000  0.7784068
  5650.000  0.7816117
  5655.000  0.7825536
  5660.000  0.8060310
  5665.000  0.7921343
  5670.000  0.7728148
  5675.000  0.7918830
  5680.000  0.8153871
  5685.000  0.8115243
  5690.000  0.8036107
  5695.000  0.7987564
  5700.000  0.7968242
  5705.000  0.8166659
  5710.000  0.8316087
  5715.000  0.8102241
  5720.000  0.7934124
  5725.000  0.7908401
  5730.000  0.7914709
  5735.000  0.7900476
  5740.000  0.8027562
  5745.000  0.8101386
  5750.000  0.7989682
  5755.000  0.8197230
  5760.000  0.8029522
  5765.000  0.7819269
  5770.000  0.7824288
  5775.000  0.7800251
  5780.000  0.7623178
  5785.000  0.7804821
  5790.000  0.7907509
  5795.000  0.7914688
  5800.000  0.8043139
  5805.000  0.8034966
  5810.000  0.7958707
  5815.000  0.8136039
  5820.000  0.8162178
  5825.000  0.8023000
  5830.000  0.8324750
  5835.000  0.8417675
  5840.000  0.8258770
  5845.000  0.8318762
  5850.000  0.8477283
  5855.000  0.8521703
  5860.000  0.8561935
  5865.000  0.8537742
  5870.000  0.8260690
  5875.000  0.8023589
  5880.000  0.8015939
  5885.000  0.8187734
  5890.000  0.8164278
  5895.000  0.7970320
  5900.000  0.7831581
  5905.000  0.8091515
  5910.000  0.8543520
  5915.000  0.8360543
  5920.000  0.8241436
  5925.000  0.8568874
  5930.000  0.8280228
  5935.000  0.8046945
  5940.000  0.7994076
  5945.000  0.8210936
  5950.000  0.8389276
  5955.000  0.8298235
  5960.000  0.8234211
  5965.000  0.8128415
  5970.000  0.8348614
  5975.000  0.8332287
  5980.000  0.8192695
  5985.000  0.8495496
  5990.000  0.8629336
  5995.000  0.8417298
  6000.000  0.8427491
  6005.000  0.8424859
  6010.000  0.8287978
  6015.000  0.8301885
  6020.000  0.8416241
  6025.000  0.8300183
  6030.000  0.8297974
  6035.000  0.8507189
  6040.000  0.8541131
  6045.000  0.8435085
  6050.000  0.8411059
  6055.000  0.8314639
  6060.000  0.8400189
  6065.000  0.8597480
  6070.000  0.8430452
  6075.000  0.8360774
  6080.000  0.8538832
  6085.000  0.8509565
  6090.000  0.8541093
  6095.000  0.8512306
  6100.000  0.8485714
  6105.000  0.8460608
  6110.000  0.8423535
  6115.000  0.8380980
  6120.000  0.8200196
  6125.000  0.7983154
  6130.000  0.7998444
  6135.000  0.8056735
  6140.000  0.8067496
  6145.000  0.8075329
  6150.000  0.7890218
  6155.000  0.7982047
  6160.000  0.8084893
  6165.000  0.8079673
  6170.000  0.7957986
  6175.000  0.7737661
  6180.000  0.7533619
  6185.000  0.7586302
  6190.000  0.7666524
  6195.000  0.7622600
  6200.000  0.7495188
  6205.000  0.7509063
  6210.000  0.7580050
  6215.000  0.7840896
  6220.000  0.7961996
  6225.000  0.7939943
  6230.000  0.8215411
  6235.000  0.8563018
  6240.000  0.8425180
  6245.000  0.8552294
  6250.000  0.8797007
  6255.000  0.8809065
  6260.000  0.8689329
  6265.000  0.8643528
  6270.000  0.8516661
  6275.000  0.8430229
  6280.000  0.8234553
  6285.000  0.8168064
  6290.000  0.8411339
  6295.000  0.8766808
  6300.000  0.8722663
  6305.000  0.8661394
  6310.000  0.8746224
  6315.000  0.9062228
  6320.000  0.8789987
  6325.000  0.8589661
  6330.000  0.8671258
  6335.000  0.8795451
  6340.000  0.8993907
  6345.000  0.8822215
  6350.000  0.8660556
  6355.000  0.8707028
  6360.000  0.8662043
  6365.000  0.8723092
  6370.000  0.8752623
  6375.000  0.8722666
  6380.000  0.8615114
  6385.000  0.8701420
  6390.000  0.8927459
  6395.000  0.8699523
  6400.000  0.8624663
  6405.000  0.8583634
  6410.000  0.8523144
  6415.000  0.8719743
  6420.000  0.9096822
  6425.000  0.9051018
  6430.000  0.8825369
  6435.000  0.8857197
  6440.000  0.8698517
  6445.000  0.8628749
  6450.000  0.9067277
  6455.000  0.9000024
  6460.000  0.8618730
  6465.000  0.8691894
  6470.000  0.8651252
  6475.000  0.8600000
  6480.000  0.8702928
  6485.000  0.8609842
  6490.000  0.8568801
  6495.000  0.8761040
  6500.000  0.8708433
  6505.000  0.8648627
  6510.000  0.8773443
  6515.000  0.8750153
  6520.000  0.8653412
  6525.000  0.8712491
  6530.000  0.8743724
  6535.000  0.8620301
  6540.000  0.8654817
  6545.000  0.8827353
  6550.000  0.8692789
  6555.000  0.8721922
  6560.000  0.9554643
  6565.000  0.9743867
  6570.000  0.9053748
  6575.000  0.8872451
  6580.000  0.8835819
  6585.000  0.8810519
  6590.000  0.8927985
  6595.000  0.9002002
  6600.000  0.8974967
  6605.000  0.9267423
  6610.000  0.9299270
  6615.000  0.9163650
  6620.000  0.8974380
  6625.000  0.8963156
  6630.000  0.9062251
  6635.000  0.8898256
  6640.000  0.8748351
  6645.000  0.8693583
  6650.000  0.8857544
  6655.000  0.8997195
  6660.000  0.8812944
  6665.000  0.8530025
  6670.000  0.8761745
  6675.000  0.8535496
  6680.000  0.8500261
  6685.000  0.8667325
  6690.000  0.8600317
  6695.000  0.8974696
  6700.000  0.9281128
  6705.000  0.9200379
  6710.000  0.9069188
  6715.000  0.9073357
  6720.000  0.8753107
  6725.000  0.8833589
  6730.000  0.9183993
  6735.000  0.9014245
  6740.000  0.9155016
  6745.000  0.9511682
  6750.000  0.9467937
  6755.000  0.9347573
  6760.000  0.9475422
  6765.000  0.9587128
  6770.000  0.9629086
  6775.000  0.9619093
  6780.000  0.9216148
  6785.000  0.8964293
  6790.000  0.9162275
  6795.000  0.9345126
  6800.000  0.9174541
  6805.000  0.9205815
  6810.000  0.9215396
  6815.000  0.9232002
  6820.000  0.9358845
  6825.000  0.9397252
  6830.000  0.9144095
  6835.000  0.9284545
  6840.000  0.9274054
  6845.000  0.9214545
  6850.000  0.9182784
  6855.000  0.8810962
  6860.000  0.8922485
  6865.000  0.9552239
  6870.000  1.0000000
  6875.000  0.9492968
  6880.000  0.8712106
  6885.000  0.8805150
  6890.000  0.8987095
  6895.000  0.8982266
  6900.000  0.9058941
  6905.000  0.9126130
  6910.000  0.9147691
  6915.000  0.8917258
  6920.000  0.8731439
  6925.000  0.8836673
  6930.000  0.9009828
  6935.000  0.8959034
  6940.000  0.8869947
  6945.000  0.9096263
  6950.000  0.8820972
  6955.000  0.8958142
  6960.000  0.8718307
  6965.000  0.8616578
  6970.000  0.8485187
  6975.000  0.8679340
  6980.000  0.9212012
  6985.000  0.9493899
  6990.000  0.9188909
  6995.000  0.8711174
  7000.000  0.8612906
  7005.000  0.8869377
  7010.000  0.8767610
  7015.000  0.8535995
  7020.000  0.8523257
  7025.000  0.8603668
  7030.000  0.8520740
  7035.000  0.8409113
  7040.000  0.8231910
  7045.000  0.8228092
  7050.000  0.8633106
  7055.000  0.8927354
  7060.000  0.8934470
  7065.000  0.8947005
  7070.000  0.8815619
  7075.000  0.8577048
  7080.000  0.8710228
  7085.000  0.9071961
  7090.000  0.9020940
  7095.000  0.9044006
  7100.000  0.9051554
  7105.000  0.8958643
  7110.000  0.8881737
  7115.000  0.8970672
  7120.000  0.8505592
  7125.000  0.8486984
  7130.000  0.8679196
  7135.000  0.8831786
  7140.000  0.8835038
  7145.000  0.8670439
  7150.000  0.8344793
  7155.000  0.8417870
  7160.000  0.8464984
  7165.000  0.8215523
  7170.000  0.8515148
  7175.000  0.8081075
  7180.000  0.7790160
  7185.000  0.7823519
  7190.000  0.7975013
  7195.000  0.7683182
  7200.000  0.6975515
  7205.000  0.6812816
  7210.000  0.6608340
  7215.000  0.6538926
  7220.000  0.6992800
  7225.000  0.6938637
  7230.000  0.6975577
  7235.000  0.6798295
  7240.000  0.6452600
  7245.000  0.5917618
  7250.000  0.5503652
  7255.000  0.5605044
  7260.000  0.6184344
  7265.000  0.6015560
  7270.000  0.5826386
  7275.000  0.5922703
  7280.000  0.5767924
  7285.000  0.6194624
  7290.000  0.6421664
  7295.000  0.6334206
  7300.000  0.6391179
  7305.000  0.6565178
  7310.000  0.6863901
  7315.000  0.6455372
  7320.000  0.6687278
  7325.000  0.6654909
  7330.000  0.6957178
  7335.000  0.6982061
  7340.000  0.6992963
  7345.000  0.7359181
  7350.000  0.7599343
  7355.000  0.7956416
  7360.000  0.7948805
  7365.000  0.7590555
  7370.000  0.7488777
  7375.000  0.7639788
  7380.000  0.7811408
  7385.000  0.7977553
  7390.000  0.8215386
  7395.000  0.8168833
  7400.000  0.8170975
  7405.000  0.8567024
  7410.000  0.8916451
  7415.000  0.8823014
  7420.000  0.8295918
  7425.000  0.8818197
  7430.000  0.8500764
  7435.000  0.8726099
  7440.000  0.8512620
  7445.000  0.8664645
  7450.000  0.8629532
  7455.000  0.8337328
  7460.000  0.8210724
  7465.000  0.8262620
  7470.000  0.8522384
  7475.000  0.8477823
  7480.000  0.8155054
  7485.000  0.8605448
  7490.000  0.8985326
  7495.000  0.9142133
  7500.000  0.8712530
  7505.000  0.8385417
  7510.000  0.8856320
  7515.000  0.8875953
  7520.000  0.8795642
  7525.000  0.8719114
  7530.000  0.8170452
  7535.000  0.7848608
  7540.000  0.8232925
  7545.000  0.8057520
  7550.000  0.8311581
  7555.000  0.9167386
  7560.000  0.8691325
  7565.000  0.8777916
  7570.000  0.9384466
  7575.000  0.9957209
  7580.000  1.1679390
  7585.000  1.2707467
  7590.000  1.1227722
  7595.000  0.9243445
  7600.000  0.8022821
  7605.000  0.8187545
  7610.000  0.8334541
  7615.000  0.9835864
  7620.000  1.0325280
  7625.000  0.9413777
  7630.000  0.8182843
  7635.000  0.6906906
  7640.000  0.7232178
  7645.000  0.7428443
  7650.000  0.7139305
  7655.000  0.7631895
  7660.000  0.8091703
  7665.000  0.7895740
  7670.000  0.8362462
  7675.000  0.8260231
  7680.000  0.8782577
  7685.000  0.7552902
  7690.000  0.7683440
  7695.000  0.8914489
  7700.000  0.8321441
  7705.000  0.8151274
  7710.000  0.8122001
  7715.000  0.8369803
  7720.000  0.8600721
  7725.000  0.8300225
  7730.000  0.7623922
  7735.000  0.7464059
  7740.000  0.7855595
  7745.000  0.7381399
  7750.000  0.8346862
  7755.000  0.7193842
  7760.000  0.7001684
  7765.000  0.6857753
  7770.000  0.7451501
  7775.000  0.7625010
  7780.000  0.7834183
  7785.000  0.8144997
  7790.000  0.8351196
  7795.000  0.8068322
  7800.000  0.7738496
  7805.000  0.7527926
  7810.000  0.6457576
  7815.000  0.6534507
  7820.000  0.7502402
  7825.000  0.7297635
  7830.000  0.7946595
  7835.000  0.7858027
  7840.000  0.8216986
  7845.000  0.8784995
  7850.000  0.8034885
  7855.000  0.7482203
  7860.000  0.7906090
  7865.000  0.7893335
  7870.000  0.7194881
  7875.000  0.8123639
  7880.000  0.7488029
  7885.000  0.6742505
  7890.000  0.7255897
  7895.000  0.7715752
  7900.000  0.6480042
  7905.000  0.6891634
  7910.000  0.7517125
  7915.000  0.7624533
  7920.000  0.8329471
  7925.000  0.8119653
  7930.000  0.8434425
  7935.000  0.9941967
  7940.000  0.8724181
  7945.000  0.7740239
  7950.000  0.7197291
  7955.000  0.7702039
  7960.000  0.7185718
  7965.000  0.7690390
  7970.000  0.7639059
  7975.000  0.6477103
  7980.000  0.6547408
  7985.000  0.7169258
  7990.000  0.8165977
  7995.000  0.9064042
  8000.000  0.8188452
  8005.000  0.7275662
  8010.000  0.7183003
  8015.000  0.8277560
  8020.000  0.7623896
  8025.000  0.8588959
  8030.000  0.7981135
  8035.000  0.7991564
  8040.000  0.7976217
  8045.000  1.0901929
  8050.000  0.8974253
  8055.000  0.7397707
  8060.000  0.7668491
  8065.000  0.7458966
  8070.000  0.7373744
  8075.000  0.8938762
  8080.000  1.0423691
  8085.000  1.1319030
  8090.000  1.0192879
  8095.000  1.0040669
  8100.000  1.1233096
  8105.000  0.8688449
  8110.000  0.8554106
  8115.000  0.9371358
  8120.000  1.1074027
  8125.000  0.9855786
  8130.000  0.9576606
  8135.000  1.0245234
  8140.000  0.9039473
  8145.000  0.8199406
  8150.000  0.8596060
  8155.000  0.7354303
  8160.000  0.7141522
  8165.000  0.6675826
  8170.000  0.6649775
  8175.000  0.5784098
  8180.000  0.6778671
  8185.000  0.8667927
  8190.000  0.7729523
  8195.000  0.7134729
  8200.000  0.7889460
  8205.000  0.8129523
  8210.000  0.7682439
  8215.000  0.9345540
  8220.000  1.0680132
  8225.000  1.2233815
  8230.000  0.9770814
  8235.000  0.8590967
  8240.000  0.9593635
  8245.000  0.8740317
  8250.000  0.7775578
  8255.000  1.0054355
  8260.000  0.9584081
  8265.000  0.9166125
  8270.000  0.9375072
  8275.000  0.8803223
  8280.000  1.0444963
  8285.000  0.8936610
  8290.000  0.9015403
  8295.000  1.0226462
  8300.000  0.9386522
  8305.000  0.6980359
  8310.000  0.6929827
  8315.000  0.8374914
  8320.000  0.8207042
  8325.000  0.8014217
  8330.000  0.8794390
  8335.000  0.8601378
  8340.000  0.7613057
  8345.000  0.7342144
  8350.000  0.6760452
  8355.000  0.6886135
  8360.000  0.7805600
  8365.000  0.8699302
  8370.000  0.8083176
  8375.000  0.6821817
  8380.000  0.5747239
  8385.000  0.6012320
  8390.000  0.6314637
  8395.000  0.7332900
  8400.000  0.7820005
  8405.000  0.7713934
  8410.000  0.8920906
  8415.000  1.1981226
  8420.000  1.2551066
  8425.000  0.7981527
  8430.000  1.1655515
  8435.000  1.3937024
  8440.000  0.9655158
  8445.000  2.2157105
  8450.000  1.4074738
  8455.000  0.9803430
  8460.000  0.9507714
  8465.000  1.1938144
  8470.000  1.1470085
  8475.000  1.0497792
  8480.000  1.1978875
  8485.000  0.9349428
  8490.000  1.3603855
  8495.000  1.1722751
  8500.000  0.8822409
  8505.000  0.7122467
  8510.000  0.6530570
  8515.000  0.6733273
  8520.000  0.6703254
  8525.000  0.6692544
  8530.000  0.6916978
  8535.000  0.7029421
  8540.000  0.7999058
  8545.000  0.8956561
  8550.000  0.8377696
  8555.000  0.7052914
  8560.000  0.6658097
  8565.000  0.6744389
  8570.000  0.6283470
  8575.000  0.6203033
  8580.000  0.6188460
  8585.000  0.5930951
  8590.000  0.5870532
  8595.000  0.6373383
  8600.000  0.6631939
  8605.000  0.7046155
  8610.000  0.6680139
  8615.000  0.6959900
  8620.000  0.6069410
  8625.000  0.5439592
  8630.000  0.5529594
  8635.000  0.5779407
  8640.000  0.6567499
  8645.000  0.7491884
  8650.000  0.7525411
  8655.000  0.7584664
  8660.000  0.8828371
  8665.000  0.9644147
  8670.000  0.8474614
  8675.000  0.8543717
  8680.000  0.7951245
  8685.000  0.7856142
  8690.000  0.8498592
  8695.000  0.8139612
  8700.000  0.7742738
  8705.000  0.7912193
  8710.000  0.8325059
  8715.000  0.8390143
  8720.000  0.7383545
  8725.000  0.8187886
  8730.000  0.7965241
  8735.000  0.7398572
  8740.000  0.6807662
  8745.000  0.6587546
  8750.000  0.6363037
  8755.000  0.6329493
  8760.000  0.5786500
  8765.000  0.5347041
  8770.000  0.5297254
  8775.000  0.5498428
  8780.000  0.5181456
  8785.000  0.5030368
  8790.000  0.4178836
  8795.000  0.5702315
  8800.000  0.5124088
  8805.000  0.5481335
  8810.000  0.5113402
  8815.000  0.5554626
  8820.000  0.5397176
  8825.000  0.5284404
  8830.000  0.5738406
  8835.000  0.5517897
  8840.000  0.4884310
  8845.000  0.5390225
  8850.000  0.5806972
  8855.000  0.4459335
  8860.000  0.5022247
  8865.000  0.5566693
  8870.000  0.5525080
  8875.000  0.5156382
  8880.000  0.5051846
  8885.000  0.5776621
  8890.000  0.6803395
  8895.000  0.7247453
  8900.000  0.6609710
  8905.000  0.6179316
  8910.000  0.5205288
  8915.000  0.5185677
  8920.000  0.8678143
  8925.000  1.0279041
  8930.000  1.1012148
  8935.000  1.2969635
  8940.000  1.1241011
  8945.000  0.8869769
  8950.000  0.8206510
  8955.000  0.7442341
  8960.000  0.6512976
  8965.000  0.6078329
  8970.000  0.6962091
  8975.000  0.5646800
  8980.000  0.5432957
  8985.000  0.6823755
  8990.000  0.7392722
  8995.000  0.7334591
  9000.000  0.8352928
  9005.000  0.7918373
  9010.000  0.8219292
  9015.000  0.9791447
  9020.000  0.9640788
  9025.000  0.8353345
  9030.000  0.7092941
  9035.000  0.7728202
  9040.000  0.7555314
  9045.000  0.6848869
  9050.000  0.5730833
  9055.000  0.8576972
  9060.000  0.9775559
  9065.000  0.8508789
  9070.000  0.7102078
  9075.000  0.6863736
  9080.000  0.6433708
  9085.000  0.5122166
  9090.000  0.5235896
  9095.000  0.5819121
  9100.000  0.7064216
  9105.000  0.5692523
  9110.000  0.6519556
  9115.000  0.6743747
  9120.000  0.6626055
  9125.000  0.6681208
  9130.000  0.6363871
  9135.000  0.6999370
  9140.000  0.8089727
  9145.000  0.8076178
  9150.000  0.8187006
  9155.000  0.9244745
  9160.000  1.1991792
  9165.000  1.0870969
  9170.000  1.1136940
  9175.000  1.0901414
  9180.000  1.0277231
  9185.000  0.8888865
  9190.000  0.9357903
  9195.000  0.9169225
  9200.000  0.8043786
  9205.000  0.6929418
  9210.000  0.6259260
  9215.000  0.8532719
  9220.000  1.0619887
  9225.000  0.9136346
  9230.000  0.6836320
  9235.000  0.7165265
  9240.000  1.1065880
  9245.000  1.4246386
  9250.000  1.4410040
  9255.000  1.2352474
  9260.000  0.6873823
  9265.000  0.2929054
  9270.000  0.4342993
  9275.000  0.6363548
  9280.000  0.8381403
  9285.000  0.5456499
  9290.000  0.0080721
  9295.000  0.1490840
  9300.000  0.4645666
  9305.000  0.3284098
  9310.000  0.2530820
  9315.000  0.2866188
  9320.000  0.1766371
  9325.000  0.0810418
  9330.000  0.1286997
  9335.000  0.2256040
  9340.000  0.3545810
  9345.000  0.2462152
  9350.000  0.3448871
  9355.000  0.4083538
  9360.000  0.3714727
  9365.000  0.2983467
  9370.000  0.2394815
  9375.000  0.2208229
  9380.000  0.2929303
  9385.000  0.2829600
  9390.000  0.2933153
  9395.000  0.4806013
  9400.000  0.5152481
  9405.000  0.4617796
  9410.000  0.3977500
  9415.000  0.3152055
  9420.000  0.2670390
  9425.000  0.3731262
  9430.000  0.2844132
  9435.000  0.3335012
  9440.000  0.3892525
  9445.000  0.2380165
  9450.000  0.2190828
  9455.000  0.3616338
  9460.000  0.4212013
  9465.000  0.5500645
  9470.000  0.3703204
  9475.000  0.2178967
  9480.000  0.6146160
  9485.000  0.3548873
  9490.000  0.6165119
  9495.000  0.4236054
  9500.000  0.1500187
  9505.000  0.1390372
  9510.000  0.1795485
  9515.000  0.1154349
  9520.000  0.1638467
  9525.000  0.3966777
  9530.000  0.2574441
  9535.000  0.2028661
  9540.000  0.1740817
  9545.000  0.1542748
  9550.000  0.2182081
  9555.000  0.1449889
  9560.000  0.0956824
  9565.000  0.0815282
  9570.000  0.0915192
  9575.000  0.1367836
  9580.000  0.2022707
  9585.000  0.1904422
  9590.000  0.0283334
  9595.000  0.1962709
  9600.000  0.2319330
  9605.000  0.2052643
  9610.000  0.1434022
  9615.000  0.0348720
  9620.000  0.0447601
  9625.000  0.0381332
  9630.000  0.0540291
  9635.000  0.1066947
  9640.000  0.1104621
  9645.000  0.1558119
  9650.000  0.3177870
  9655.000  0.1577033
  9660.000  0.2393605
  9665.000  0.2095082
  9670.000  0.1597284
  9675.000  0.0936975
  9680.000  0.0671378
  9685.000  0.0392660
  9690.000  0.1355465
  9695.000  0.2030770
  9700.000  0.1599248
  9705.000  0.1396395
  9710.000  0.0358045
  9715.000  0.0000000
  9720.000  0.0000000
  9725.000  0.0000000
  9730.000  0.0000000
  9735.000  0.0000000
  9740.000  0.0000000
  9745.000  0.0000000
  9750.000  0.0000000
  9755.000  0.0000000
  9760.000  0.0000000
  9765.000  0.0000000
  9770.000  0.0000000
  9775.000  0.0000000
  9780.000  0.0000000
  9785.000  0.0000000
  9790.000  0.0000000
  9795.000  0.0000000
  9800.000  0.0000000
  9805.000  0.0000000
  9810.000  0.0000000
  9815.000  0.0000000
  9820.000  0.0000000
  9825.000  0.0000000
  9830.000  0.0000000
  9835.000  0.0000000
  9840.000  0.0000000
  9845.000  0.0000000
  9850.000  0.0000000
  9855.000  0.0000000
  9860.000  0.0000000
  9865.000  0.0000000
  9870.000  0.0000000
  9875.000  0.0000000
  9880.000  0.0000000
  9885.000  0.0000000
  9890.000  0.0000000
  9895.000  0.0000000
  9900.000  0.0000000
  9905.000  0.0000000
  9910.000  0.0000000
  9915.000  0.0000000
  9920.000  0.0000000
  9925.000  0.0000000
  9930.000  0.0000000
  9935.000  0.0000000
  9940.000  0.0000000
  9945.000  0.0000000
  9950.000  0.0000000
  9955.000  0.0000000
  9960.000  0.0000000
  9965.000  0.0000000
  9970.000  0.0000000
  9975.000        NAN
  9980.000        NAN
  9985.000        NAN
  9990.000        NAN
  9995.000        NAN
 10000.000        NAN
 10005.000        NAN
 10010.000        NAN
 10015.000        NAN
 10020.000        NAN
 10025.000        NAN
 10030.000        NAN
 10035.000        NAN
 10040.000        NAN
 10045.000        NAN
 10050.000        NAN
 10055.000        NAN
 10060.000        NAN
 10065.000        NAN
 10070.000        NAN
 10075.000        NAN
 10080.000        NAN
 10085.000        NAN
 10090.000        NAN
 10095.000        NAN
 10100.000        NAN
 10105.000        NAN
 10110.000        NAN
 10115.000        NAN
 10120.000        NAN
 10125.000        NAN
 10130.000        NAN
 10135.000        NAN
 10140.000        NAN
 10145.000        NAN
 10150.000        NAN
 10155.000        NAN
 10160.000        NAN
 10165.000        NAN
 10170.000        NAN
 10175.000        NAN
 10180.000        NAN
 10185.000        NAN
 10190.000        NAN
 10195.000        NAN
 10200.000        NAN
 10205.000        NAN
 10210.000        NAN
 10215.000        NAN
 10220.000        NAN
 10225.000        NAN
 10230.000        NAN
 10235.000        NAN
 10240.000        NAN
 10245.000        NAN
 10250.000        NAN
 10255.000        NAN
 10260.000        NAN
 10265.000        NAN
 10270.000        NAN
 10275.000        NAN
 10280.000        NAN
 10285.000        NAN
 10290.000        NAN
 10295.000        NAN
 10300.000        NAN
 10305.000        NAN
 10310.000        NAN
 10315.000        NAN
 10320.000        NAN
 10325.000        NAN
 10330.000        NAN
 10335.000        NAN
 10340.000        NAN
 10345.000        NAN
 10350.000        NAN
 10355.000        NAN
 10360.000        NAN
 10365.000        NAN
 10370.000        NAN
 10375.000        NAN
 10380.000        NAN
 10385.000        NAN
 10390.000        NAN
 10395.000        NAN
 10400.000        NAN
 10405.000        NAN
 10410.000        NAN
 10415.000        NAN
 10420.000        NAN
 10425.000        NAN
 10430.000        NAN
 10435.000        NAN
 10440.000        NAN
 10445.000        NAN
 10450.000        NAN
 10455.000        NAN
 10460.000        NAN
 10465.000        NAN
 10470.000        NAN
 10475.000        NAN
 10480.000        NAN
 10485.000        NAN
 10490.000        NAN
 10495.000        NAN
 10500.000        NAN
 10505.000        NAN
 10510.000        NAN
 10515.000        NAN
 10520.000        NAN
 10525.000        NAN
 10530.000        NAN
 10535.000        NAN
 10540.000        NAN
 10545.000        NAN
 10550.000        NAN
 10555.000        NAN
 10560.000        NAN
 10565.000        NAN
 10570.000        NAN
 10575.000        NAN
 10580.000        NAN
 10585.000        NAN
 10590.000        NAN
 10595.000        NAN
 10600.000        NAN
 10605.000        NAN
 10610.000        NAN
 10615.000        NAN
 10620.000        NAN
