   115.000 56621.8849974
   115.500 47180.3360130
   116.000 33162.5128836
   116.500 12064.9558367
   117.000 3806.6326964
   117.500 18.8646002
   118.000  0.0000000
   118.500 75682.1437266
   119.000 112579.3663922
   119.500 50388.8756584
   120.000 15344.4303704
   120.500 12091.3662287
   121.000  0.0000000
   121.500  0.0000000
   122.000  0.0000000
   122.500 3549.5779706
   123.000 51916.4628907
   123.500 7486.8998146
   124.000 28870.1549383
   124.500 35625.9414039
   125.000 14057.7075144
   125.500  0.0000000
   126.000  0.0000000
   126.500 311.6756820
   127.000 741.4274588
   127.500  0.0000000
   128.000 258.9008256
   128.500 5503.5028049
   129.000 22060.3149913
   129.500 5784.6354401
   130.000  0.0000000
   130.500 2796.0565755
   131.000 2469.5038815
   131.500  0.0000000
   132.000  0.0000000
   132.500 7979.9581150
   133.000 34686.6034794
   133.500 7531.6036766
   134.000 538.8010376
   134.500  0.0000000
   135.000 21994.9756454
   135.500 10300.6134075
   136.000  0.0000000
   136.500 10469.7115212
   137.000 21645.9243499
   137.500 32640.8225205
   138.000 52489.7544169
   138.500 6315.5494121
   139.000 67050.6360606
   139.500 6154.9797455
   140.000  0.0000000
   140.500 37828.4208626
   141.000 53164.6459798
   141.500 66225.8052699
   142.000 69817.1867974
   142.500 39400.6766431
   143.000  0.0000000
   143.500 11672.7594872
   144.000 65556.1089373
   144.500 1455.4064500
   145.000  0.0000000
   145.500  0.0000000
   146.000 11929.0587924
   146.500 10385.5230910
   147.000 13545.8950510
   147.500 37231.3400950
   148.000 70637.2236723
   148.500 70403.1736356
   149.000  0.0000000
   149.500  0.0000000
   150.000  0.0000000
   150.500  0.0000000
   151.000  0.0000000
   151.500  0.0000000
   152.000 20329.8111505
   152.500 34531.2602241
   153.000 20611.9426982
   153.500 26064.0690867
   154.000 78665.5462166
   154.500 58084.6366563
   155.000 71636.9480116
   155.500 71928.3147883
   156.000 11301.8251576
   156.500  0.0000000
   157.000 31871.9640587
   157.500 21134.5904624
   158.000 14988.8600504
   158.500 45414.2643020
   159.000 53830.6791535
   159.500 29596.3857642
   160.000 66793.0442293
   160.500  0.0000000
   161.000  0.0000000
   161.500 37715.7546688
   162.000 34703.9325090
   162.500 11127.1062753
   163.000  0.0000000
   163.500 23825.9590437
   164.000 78430.8675933
   164.500 95920.6600142
   165.000 16427.9636970
   165.500 13918.9089172
   166.000 224.6704157
   166.500  0.0000000
   167.000  0.0000000
   167.500  0.0000000
   168.000  0.0000000
   168.500 5518.8252592
   169.000 29560.8585678
   169.500 36532.1257612
   170.000  0.0000000
   170.500 3687.8189351
   171.000 23342.2938870
   171.500 907.0480164
   172.000  0.0000000
   172.500  0.0000000
   173.000 7696.7573922
   173.500 4589.5243863
   174.000 11056.3880828
   174.500 13165.1833058
   175.000  0.0000000
   175.500 7709.2896740
   176.000 31085.6071301
   176.500 4838.8643608
   177.000 22320.8709584
   177.500 62426.7570115
   178.000 106276.7759764
   178.500 44961.4992683
   179.000 3315.0933313
   179.500 5210.0881860
   180.000 12525.0372779
   180.500 13225.1636897
   181.000 6951.7606303
   181.500  0.0000000
   182.000 510.8758604
   182.500 37222.2771572
   183.000 7008.1266668
   183.500 24517.6592665
   184.000 54201.6049616
   184.500 43837.1172373
   185.000 13997.2463758
   185.500  0.0000000
   186.000  0.0000000
   186.500 5843.0351710
   187.000 30690.5527076
   187.500 4758.9095878
   188.000 10841.9476104
   188.500 2254.3082472
   189.000 20815.9863816
   189.500 11128.5428565
   190.000 9975.2710171
   190.500 28418.8485709
   191.000 49106.6969249
   191.500 56849.6954184
   192.000 26604.8053142
   192.500  0.0000000
   193.000  0.0000000
   193.500 19980.5336341
   194.000 4942.9698849
   194.500 44126.7723245
   195.000 90018.2088078
   195.500 53307.8159951
   196.000  0.0000000
   196.500  0.0000000
   197.000 5805.0118907
   197.500 26892.2998946
   198.000 36532.8672744
   198.500 78198.3238911
   199.000 32872.8740178
   199.500 26689.0978492
   200.000 9048.8849196
   200.500 24592.6244417
   201.000 22095.4046227
   201.500  0.0000000
   202.000 6105.4998978
   202.500 16360.7933122
   203.000  0.0000000
   203.500 129.5753966
   204.000 6539.5026071
   204.500 16693.3810426
   205.000 117223.9749734
   205.500 211965.0547665
   206.000 199744.2862637
   206.500 122622.8006272
   207.000 74721.5002839
   207.500 54011.6584218
   208.000  0.0000000
   208.500  0.0000000
   209.000  0.0000000
   209.500  0.0000000
   210.000  0.0000000
   210.500  0.0000000
   211.000 22081.5598284
   211.500 32084.8182561
   212.000 39527.6455097
   212.500 47893.7820495
   213.000 29016.8276686
   213.500 9332.0493131
   214.000 54639.6631462
   214.500 7729.6121093
   215.000 758.8624388
   215.500  0.0000000
   216.000  0.0000000
   216.500 14336.8955949
   217.000 11639.6485437
   217.500  0.0000000
   218.000  0.0000000
   218.500  0.0000000
   219.000  0.0000000
   219.500 427.0209708
   220.000 8876.6574930
   220.500 63737.6104428
   221.000 16901.9642492
   221.500  0.0000000
   222.000 55649.1790992
   222.500 83322.0079905
   223.000 42514.8193771
   223.500 875.0392885
   224.000 11112.7250728
   224.500 37157.0488740
   225.000  0.0000000
   225.500  0.0000000
   226.000  0.0000000
   226.500  0.0000000
   227.000  0.0000000
   227.500 27680.3590326
   228.000 27428.2970514
   228.500 8852.2360272
   229.000 14320.3639102
   229.500  0.0000000
   230.000  0.0000000
   230.500  0.0000000
   231.000  0.0000000
   231.500  0.0000000
   232.000  0.0000000
   232.500  0.0000000
   233.000 6909.7177426
   233.500 7131.6563901
   234.000  0.0000000
   234.500 3079.4118154
   235.000 9908.8602539
   235.500  0.0000000
   236.000  0.0000000
   236.500  0.0000000
   237.000  0.0000000
   237.500  0.0000000
   238.000  0.0000000
   238.500 10773.3139543
   239.000 12043.9207621
   239.500  0.0000000
   240.000 7089.1743607
   240.500 25557.0188695
   241.000 4322.1918724
   241.500 80368.9205720
   242.000 29329.5167146
   242.500 4742.1076313
   243.000  0.0000000
   243.500  0.0000000
   244.000 10477.0822848
   244.500 12691.5634240
   245.000  0.0000000
   245.500  0.0000000
   246.000 275.7597152
   246.500 2181.4809344
   247.000 141.9131280
   247.500 23855.1699100
   248.000 7036.0507924
   248.500  0.0000000
   249.000 9078.8926087
   249.500 8472.8264039
   250.000  0.0000000
   250.500 20714.0013084
   251.000 70963.3331982
   251.500 62188.2716872
   252.000 32182.6153398
   252.500 2754.5709005
   253.000  0.0000000
   253.500  0.0000000
   254.000  0.0000000
   254.500 2967.8299364
   255.000 15013.5421963
   255.500 17122.4880774
   256.000  0.0000000
   256.500  0.0000000
   257.000 1041.1951554
   257.500 12987.2329971
   258.000 24359.4148816
   258.500 10013.9956936
   259.000 5648.3186778
   259.500 2104.3998075
   260.000  0.0000000
   260.500  0.0000000
   261.000 10897.5717407
   261.500 32831.5733564
   262.000 30140.6973311
   262.500 11451.5557304
   263.000 65645.7761831
   263.500 51538.1959737
   264.000 30887.8238658
   264.500 27237.7720248
   265.000 13092.2570841
   265.500 1445.5948176
   266.000  0.0000000
   266.500 4338.5757176
   267.000 23547.2998213
   267.500 60042.5005945
   268.000 72494.3269188
   268.500 4314.5011880
   269.000 11462.4995547
   269.500 21755.1686674
   270.000 8204.4784185
   270.500 5869.2196232
   271.000 21028.9703090
   271.500 20140.9757412
   272.000 281.6924673
   272.500 771.4106735
   273.000  0.0000000
   273.500 501.1536273
   274.000 33716.9721889
   274.500 58688.0056007
   275.000 31641.6470579
   275.500 7242.0568934
   276.000  0.0000000
   276.500  0.0000000
   277.000 22647.6999083
   277.500 45454.7257344
   278.000  0.0000000
   278.500 8032.9281288
   279.000 93986.1272337
   279.500 9572.7856949
   280.000  0.0000000
   280.500  0.0000000
   281.000  0.0000000
   281.500 20668.4923819
   282.000 32068.2020978
   282.500 31583.8050419
   283.000 36436.6519195
   283.500 5507.0890637
   284.000 36222.2119741
   284.500 49042.3501457
   285.000 6075.2124941
   285.500 11588.1175322
   286.000 4559.4639594
   286.500  0.0000000
   287.000 10881.7509369
   287.500 25762.8234771
   288.000 21628.3507147
   288.500  0.0000000
   289.000 775.1668574
   289.500 9168.7524535
   290.000 83758.6472700
   290.500 24541.2844045
   291.000 3280.2378231
   291.500 38284.6273442
   292.000 68659.1021675
   292.500 60614.1941441
   293.000 26213.7991335
   293.500 6701.2925100
   294.000 19452.6888676
   294.500 6843.2502091
   295.000  0.0000000
   295.500  0.0000000
   296.000  0.0000000
   296.500 43062.8606680
   297.000 57513.0570311
   297.500 53786.9766428
   298.000 46025.0069771
   298.500 28530.5130343
   299.000 8761.1487474
   299.500 17769.6160248
   300.000 51707.9043002
   300.500 135.9848372
   301.000  0.0000000
   301.500 1825.2533614
   302.000 631.9870071
   302.500  0.0000000
   303.000  0.0000000
   303.500  0.0000000
   304.000  0.0000000
   304.500 5067.4775517
   305.000 16696.6540239
   305.500  0.0000000
   306.000  0.0000000
   306.500  0.0000000
   307.000 18270.0618896
   307.500 50892.1568105
   308.000 55774.2316011
   308.500 30046.9543829
   309.000 14258.3302720
   309.500 51187.6727083
   310.000 102456.7788760
   310.500 51668.1919992
   311.000  0.0000000
   311.500  0.0000000
   312.000  0.0000000
   312.500 28869.8949579
   313.000 42569.5687317
   313.500 19898.8738472
   314.000 983.7044695
   314.500  0.0000000
   315.000 2927.0408669
   315.500 16070.7727805
   316.000 35412.5140745
   316.500  0.0000000
   317.000  0.0000000
   317.500 30463.1524766
   318.000 9203.7324919
   318.500 4198.3563304
   319.000 2822.3312746
   319.500  0.0000000
   320.000 13605.4477396
   320.500 39918.4009866
   321.000 39851.2964208
   321.500  0.0000000
   322.000 80.0247132
   322.500 21931.5656504
   323.000 4396.1084186
   323.500  0.0000000
   324.000 33887.3387154
   324.500 24735.4027867
   325.000  0.0000000
   325.500 1474.2334329
   326.000 3089.2135103
   326.500  0.0000000
   327.000 47.8023327
   327.500 630.5358859
   328.000 34607.5604051
   328.500 59312.1596416
   329.000 56659.9836742
   329.500 27262.1255089
   330.000 5118.8215641
   330.500  0.0000000
   331.000 11065.9069188
   331.500 35625.3654883
   332.000 37017.9645353
   332.500 7082.5309609
   333.000 68269.5540526
   333.500 86576.9707835
   334.000 73063.0242272
   334.500 21821.3984918
   335.000 43262.4272719
   335.500 83576.8497769
   336.000 75180.4268634
   336.500 32825.9926919
   337.000  0.0000000
   337.500  0.0000000
   338.000  0.0000000
   338.500  0.0000000
   339.000  0.0000000
   339.500 6764.4326228
   340.000 3699.7892569
   340.500 417.8439080
   341.000  0.0000000
   341.500  0.0000000
   342.000 10718.8235886
   342.500 32065.9686223
   343.000 9519.3275814
   343.500  0.0000000
   344.000  0.0000000
   344.500  0.0000000
   345.000  0.0000000
   345.500 68182.9011653
   346.000 68302.5488343
   346.500 24368.1103015
   347.000 42660.2495316
   347.500 80978.2579516
   348.000 23757.7752958
   348.500 12571.9891297
   349.000 60356.1404965
   349.500 6449.3395442
   350.000 55860.4499596
   350.500 64010.8345678
   351.000 23701.7744848
   351.500 6716.8013808
   352.000 17956.9875874
   352.500 16398.1022008
   353.000  0.0000000
   353.500 1214.2652143
   354.000 8554.6218272
   354.500 16712.5304438
   355.000 18705.1640345
   355.500 84561.3355260
   356.000 68252.4881178
   356.500 46633.0685243
   357.000 73293.2021640
   357.500 76615.8014050
   358.000 25515.5904764
   358.500 6997.6693966
   359.000 41496.2647827
   359.500 106304.9294423
   360.000 42207.0760265
   360.500 5705.4117063
   361.000 7302.6642132
   361.500 7713.7223055
   362.000 2886.3668741
   362.500 11543.5441231
   363.000 20616.0073772
   363.500 10667.1974872
   364.000  0.0000000
   364.500 5635.1328743
   365.000 53056.8229447
   365.500 96177.1970608
   366.000 32530.5305222
   366.500 40853.3504124
   367.000 62663.9320292
   367.500 31633.6000320
   368.000  0.0000000
   368.500 5151.2161303
   369.000 26433.5656314
   369.500 69410.6641260
   370.000 105688.4680596
   370.500 4001.4630167
   371.000 21713.8889323
   371.500 4583.8469299
   372.000 59879.3766903
   372.500 88823.0784073
   373.000 99502.0155916
   373.500 78335.9364514
   374.000 44719.0391335
   374.500 39114.2133572
   375.000 10846.8529474
   375.500 34427.2701002
   376.000 80752.5368871
   376.500 142030.6027529
   377.000 111726.5393242
   377.500 31114.8494574
   378.000  0.0000000
   378.500 27829.9884566
   379.000 118853.8806982
   379.500 197878.5056484
   380.000 170298.9901723
   380.500 148307.6564951
   381.000 76047.6297469
   381.500 81291.9995718
   382.000 196297.9787017
   382.500 171869.7706673
   383.000 146072.7399889
   383.500 164170.1302995
   384.000 156100.9160420
   384.500 143154.9478094
   385.000 189821.1528255
   385.500 250447.7471900
   386.000 260065.0120609
   386.500 232334.8861154
   387.000 265549.2283399
   387.500 276781.4136428
   388.000 288964.2438654
   388.500 320334.1161731
   389.000 354263.9626789
   389.500 372355.6610189
   390.000 400061.9811783
   390.500 437232.1645895
   391.000 436506.8241755
   391.500 471429.7021775
   392.000 381401.3535162
   392.500 346935.8464706
   393.000 386182.5001299
   393.500 377539.6603960
   394.000 437015.7295832
   394.500 523332.2238237
   395.000 622000.9130100
   395.500 663169.5368430
   396.000 594029.3930223
   396.500 593906.4595519
   397.000 733314.9103418
   397.500 825382.7361572
   398.000 1045221.3111899
   398.500 1205393.3665891
   399.000 1291734.8974692
   399.500 1351555.5407943
   400.000 1382442.0403973
   400.500 1418867.2565795
   401.000 1496279.5111663
   401.500 1577719.3858726
   402.000 1611373.1018698
   402.500 1652919.2993981
   403.000 1707985.1825598
   403.500 1727883.7215590
   404.000 1783753.6390792
   404.500 1898322.3816639
   405.000 1929580.7686467
   405.500 1880547.1972908
   406.000 1884747.8931545
   406.500 1959729.2236182
   407.000 2008667.7470778
   407.500 2113339.4405387
   408.000 2135529.4422556
   408.500 2286742.1055410
   409.000 2285452.3033444
   409.500 2255004.0690971
   410.000 2281256.4797690
   410.500 2393212.7472803
   411.000 2517507.1907759
   411.500 2612616.6609929
   412.000 2669716.1804210
   412.500 2660138.0038839
   413.000 2669667.7022239
   413.500 2773043.9950568
   414.000 2865119.9724305
   414.500 2864900.2327855
   415.000 2972875.9804032
   415.500 3050443.4571582
   416.000 3089528.8358347
   416.500 3116101.9715754
   417.000 3090306.0833751
   417.500 3040892.6785071
   418.000 3111320.6694846
   418.500 3147038.4249511
   419.000 3184623.0753630
   419.500 3265934.4198284
   420.000 3336836.1565592
   420.500 3381761.3302046
   421.000 3391967.7132241
   421.500 3383270.8774815
   422.000 3352285.0731266
   422.500 3336475.0892720
   423.000 3388661.5756550
   423.500 3468123.6872674
   424.000 3589634.7273332
   424.500 3544474.8760630
   425.000 3575416.5253655
   425.500 3742725.9779069
   426.000 3766841.7544220
   426.500 3722621.5111617
   427.000 3772918.8798292
   427.500 3842737.5260204
   428.000 3819096.3598082
   428.500 3738108.0912363
   429.000 3545600.4724996
   429.500 3316331.7908577
   430.000 3168324.0202430
   430.500 3327137.0259470
   431.000 3601456.1816848
   431.500 3990075.7536116
   432.000 4269782.6593338
   432.500 4430645.3692749
   433.000 4497816.6576744
   433.500 4450760.5824572
   434.000 4403162.8981108
   434.500 4564038.2210639
   435.000 4800660.4303398
   435.500 4858057.1445348
   436.000 5055788.8052016
   436.500 5099395.0361915
   437.000 5046406.4191316
   437.500 4956807.4266156
   438.000 4907623.6379772
   438.500 4955240.1837581
   439.000 5097572.2276850
   439.500 5266371.9106286
   440.000 5333819.0309888
   440.500 5527295.1353438
   441.000 5735709.4358537
   441.500 5837094.2086486
   442.000 5928381.1497645
   442.500 6035995.6069899
   443.000 6075416.8042493
   443.500 6127924.7772611
   444.000 6222388.0827386
   444.500 6237250.7642443
   445.000 6191228.0467648
   445.500 6162788.4769141
   446.000 6240004.1048603
   446.500 6424121.2945257
   447.000 6675023.9361624
   447.500 6783435.3599503
   448.000 6850808.2122760
   448.500 7056357.3682074
   449.000 7287101.9047734
   449.500 7424372.5449020
   450.000 7596970.0044995
   450.500 7769146.7668553
   451.000 7560884.9705683
   451.500 7502317.6558464
   452.000 7515985.4710487
   452.500 7420264.4673262
   453.000 7352530.8475444
   453.500 7478250.7221107
   454.000 7639616.3045704
   454.500 7746490.3514453
   455.000 7837688.5525349
   455.500 7911397.6348850
   456.000 8096389.4500240
   456.500 8373285.0031170
   457.000 8294029.7314535
   457.500 8273699.5160438
   458.000 8345728.9891121
   458.500 8283229.5668653
   459.000 8258592.1298723
   459.500 8359024.8647546
   460.000 8450476.5166359
   460.500 8523620.2990700
   461.000 8753351.8236779
   461.500 8832571.8760829
   462.000 8787703.3786918
   462.500 8977281.1739695
   463.000 8887003.8399819
   463.500 8752884.4594610
   464.000 8829351.4015454
   464.500 8816878.3251810
   465.000 8816510.1312840
   465.500 9009274.7384901
   466.000 9136679.7049355
   466.500 8972248.7025952
   467.000 9001531.7606120
   467.500 9255009.6354835
   468.000 9262217.3914208
   468.500 9376063.1747255
   469.000 9302306.5653013
   469.500 9278609.3198584
   470.000 9278123.9980654
   470.500 9256973.7526808
   471.000 9323518.1693528
   471.500 9578743.5877050
   472.000 9897777.1028831
   472.500 9851213.7995998
   473.000 9817416.7557483
   473.500 9995158.5318254
   474.000 10005588.6775139
   474.500 10098648.1965316
   475.000 10246517.5044087
   475.500 10251458.6574847
   476.000 10195911.6166773
   476.500 10289693.3126210
   477.000 10483170.6024350
   477.500 10604299.5738992
   478.000 10605452.2556744
   478.500 10594089.4543871
   479.000 10629968.7709202
   479.500 10800876.1316363
   480.000 10808276.6940472
   480.500 10797306.3206368
   481.000 10949680.9575210
   481.500 11089946.8340502
   482.000 11052992.0544510
   482.500 11062523.9223783
   483.000 11102864.9591099
   483.500 10998259.6557011
   484.000 10870653.3978827
   484.500 10781469.4053497
   485.000 10456977.9961732
   485.500 10035930.0551794
   486.000 9759693.5728342
   486.500 9768274.0488039
   487.000 10034427.3736346
   487.500 10376190.7228123
   488.000 10603815.9614187
   488.500 10848988.3121604
   489.000 11360942.4015454
   489.500 11300618.3663305
   490.000 11449923.5753932
   490.500 11557848.8224285
   491.000 11412428.7822469
   491.500 11283187.5301947
   492.000 11317295.2676329
   492.500 11463794.5915307
   493.000 11686383.3693327
   493.500 11904370.1606026
   494.000 12002148.2508138
   494.500 12082569.0411782
   495.000 12284704.5381043
   495.500 12255496.2977332
   496.000 12212397.3259942
   496.500 12346183.1573231
   497.000 12297652.1530153
   497.500 12063818.4897271
   498.000 11973294.9455241
   498.500 12030404.1057649
   499.000 12058023.3437715
   499.500 12244434.1314687
   500.000 12146239.1630994
   500.500 11957511.6311143
   501.000 11957426.8633347
   501.500 11995642.8242672
   502.000 12067893.9995915
   502.500 12279888.9808119
   503.000 12470101.4505388
   503.500 12450052.7181351
   504.000 12453711.6401183
   504.500 12723516.8976556
   505.000 12764092.2364220
   505.500 12963395.9342816
   506.000 13176900.3337254
   506.500 13067459.4251375
   507.000 12910467.4514487
   507.500 12846585.8003811
   508.000 12902734.1780834
   508.500 13011974.3981292
   509.000 13106057.2331999
   509.500 13173192.8478806
   510.000 13055709.4001519
   510.500 13187401.3535334
   511.000 13213242.0235044
   511.500 13258147.5921215
   512.000 13416198.7012034
   512.500 13227237.6910647
   513.000 13045187.0612230
   513.500 13128184.8844979
   514.000 13179815.4575991
   514.500 13003654.9332622
   515.000 13034533.2967468
   515.500 13161809.4594524
   516.000 12852682.9936608
   516.500 12311073.8476038
   517.000 11955380.3202007
   517.500 12030224.8133760
   518.000 12339437.9518531
   518.500 12558497.4731842
   519.000 12741191.0298652
   519.500 13156181.0294639
   520.000 13599623.2914552
   520.500 13410380.0115542
   521.000 13521397.8428564
   521.500 13702037.2479373
   522.000 13616026.9419769
   522.500 13534873.9206709
   523.000 13611272.0840788
   523.500 13796650.6634601
   524.000 13984111.0056191
   524.500 14123350.8454327
   525.000 14080245.4773963
   525.500 13761866.3597106
   526.000 13579941.8472106
   526.500 13083820.2120843
   527.000 13086733.7508760
   527.500 13543750.1817208
   528.000 13776408.9117376
   528.500 13997816.0955476
   529.000 14268969.5247663
   529.500 14404954.7808247
   530.000 14462298.6372493
   530.500 14637790.4977515
   531.000 14770892.9189588
   531.500 14650976.1641974
   532.000 14304234.3506697
   532.500 14094294.1663590
   533.000 14007795.9736437
   533.500 14117322.5036999
   534.000 14203477.6811011
   534.500 14256184.3146399
   535.000 14492671.7060007
   535.500 14681158.2680603
   536.000 14456839.0812499
   536.500 14290209.5539038
   537.000 14335336.3252477
   537.500 14294251.7910398
   538.000 14355433.0152723
   538.500 14353111.8585863
   539.000 14143072.9201403
   539.500 13886537.3438216
   540.000 13692103.1830658
   540.500 13629033.0524473
   541.000 13743976.0664058
   541.500 13935265.3265020
   542.000 13941840.8453594
   542.500 13871467.3230058
   543.000 13941689.8247371
   543.500 13721255.1440816
   544.000 13899990.2086386
   544.500 14094037.8643341
   545.000 14071019.1091183
   545.500 14045433.3107508
   546.000 14118939.6181663
   546.500 14176955.2345459
   547.000 14177991.5829686
   547.500 14132781.9949749
   548.000 14230990.7013064
   548.500 14207097.5636023
   549.000 14303063.1593234
   549.500 14227189.8421739
   550.000 14113828.0599831
   550.500 14235023.7781546
   551.000 14340841.0215266
   551.500 14220950.4453761
   552.000 14120920.2008725
   552.500 14197853.8616369
   553.000 13941177.1928506
   553.500 13988667.8751541
   554.000 14163942.9481307
   554.500 14160058.2999890
   555.000 14144082.6948822
   555.500 14257848.9076433
   556.000 14188985.0051146
   556.500 14050290.8137783
   557.000 14029000.3802394
   557.500 14007021.4345290
   558.000 13968773.2252186
   558.500 14009324.3920280
   559.000 13558017.2332050
   559.500 13639714.9595442
   560.000 13888367.7826958
   560.500 13891976.6344612
   561.000 13829832.2378575
   561.500 13910433.6244632
   562.000 13971682.9785965
   562.500 13932935.7962759
   563.000 13956049.0439427
   563.500 13899832.7536149
   564.000 13792758.6284167
   564.500 13807617.6762540
   565.000 13871010.8187565
   565.500 13643258.4064043
   566.000 13652952.2692239
   566.500 13724208.4033904
   567.000 13787258.2380133
   567.500 13864744.2571549
   568.000 13805649.7902288
   568.500 13552684.1106953
   569.000 13594781.7812549
   569.500 13669597.1844154
   570.000 13422237.7410063
   570.500 13445522.2264585
   571.000 13515692.1231031
   571.500 13541389.4285276
   572.000 13694506.9689980
   572.500 13830161.4375306
   573.000 13859646.8769936
   573.500 13904985.5975156
   574.000 13934489.5264742
   574.500 13754274.1238842
   575.000 13724609.7359433
   575.500 13758989.4874475
   576.000 13719813.7792646
   576.500 13637297.2413250
   577.000 13593706.9380321
   577.500 13480831.4086991
   578.000 13332633.2067691
   578.500 13296538.6477213
   579.000 13381106.7172398
   579.500 13461789.4671917
   580.000 13656770.2242025
   580.500 13777984.1690996
   581.000 13890649.3128947
   581.500 14148582.1033720
   582.000 14147155.1531557
   582.500 14068414.1955200
   583.000 14141768.2994539
   583.500 14162940.1661163
   584.000 14071240.8980633
   584.500 14097721.4249404
   585.000 14035977.3707734
   585.500 13814785.9149211
   586.000 13767291.0278581
   586.500 13764495.5664263
   587.000 13711386.7634440
   587.500 13553576.4129506
   588.000 13158202.9187937
   588.500 12683156.6176641
   589.000 12350716.2885379
   589.500 12249226.1351285
   590.000 12394306.4640398
   590.500 12808566.4494570
   591.000 13271229.3154499
   591.500 13081266.5862359
   592.000 13027133.2067981
   592.500 13105978.9853375
   593.000 12929402.3585067
   593.500 12780171.7152087
   594.000 12762328.9053607
   594.500 12804505.7779589
   595.000 12884977.2432485
   595.500 12980283.5650938
   596.000 12974106.6076283
   596.500 12910389.6189861
   597.000 13143181.3262051
   597.500 13109748.1120984
   598.000 13064634.9840520
   598.500 13272762.9635295
   599.000 13292626.5068528
   599.500 13115033.5138987
   600.000 12987042.5779283
   600.500 12914604.2738207
   601.000 12804252.9027092
   601.500 12727056.2609087
   602.000 12597112.4308021
   602.500 12572288.9875886
   603.000 12722480.3876457
   603.500 12848282.9479152
   604.000 12928557.0445067
   604.500 12956601.9359251
   605.000 12864125.7495616
   605.500 12760939.8525136
   606.000 12854885.2057666
   606.500 12987727.0632265
   607.000 12810200.0021310
   607.500 12707060.7289074
   608.000 12703399.3406479
   608.500 12557212.7886282
   609.000 12395046.6259172
   609.500 12366723.6771479
   610.000 12348830.8562696
   610.500 12372378.0147834
   611.000 12434265.2828592
   611.500 12341018.2183157
   612.000 12178700.3061961
   612.500 11897789.0823136
   613.000 11706078.2298245
   613.500 11472412.7029810
   614.000 11544655.5521968
   614.500 11443864.2714036
   615.000 11236464.6949571
   615.500 11077679.9649972
   616.000 10932947.2012479
   616.500 10781743.4883880
   617.000 10762346.4955230
   617.500 10812365.5691485
   618.000 10608972.4816393
   618.500 10468831.2657620
   619.000 10451585.8250074
   619.500 10430084.1416088
   620.000 10480870.1054195
   620.500 10587782.9811734
   621.000 10639295.0286956
   621.500 10636631.5860344
   622.000 10659530.6212935
   622.500 10715550.8011294
   623.000 10916945.8919915
   623.500 11214153.2146523
   624.000 10961582.5289449
   624.500 11078656.7178640
   625.000 11143672.8301810
   625.500 11077898.4675288
   626.000 11132394.9998760
   626.500 11252632.1587122
   627.000 11238322.6400297
   627.500 11107710.6282842
   628.000 11004705.5143493
   628.500 10980790.7604149
   629.000 11116853.0219839
   629.500 11162636.6346672
   630.000 11040736.3533714
   630.500 10982248.1954147
   631.000 10985698.0029182
   631.500 10907254.5414371
   632.000 10818812.8734337
   632.500 10851577.5156604
   633.000 10901122.9086557
   633.500 10799942.9184964
   634.000 10745377.7998144
   634.500 10714494.2886232
   635.000 10729686.9401525
   635.500 10822792.8824443
   636.000 10833950.5054944
   636.500 10789947.1233299
   637.000 10809765.0083052
   637.500 10854145.6204886
   638.000 10857636.9636371
   638.500 10915597.6348804
   639.000 10992744.0019343
   639.500 10635004.6962157
   640.000 10540023.3316087
   640.500 10513457.4885744
   641.000 10371020.1050434
   641.500 10347845.1830389
   642.000 10393040.6512174
   642.500 10368438.0703854
   643.000 10320136.7955903
   643.500 10283977.6083325
   644.000 10117518.1693643
   644.500 9997806.3131510
   645.000 9969544.9868722
   645.500 9743724.2055296
   646.000 9632596.5402966
   646.500 9637366.1463673
   647.000 9509241.0088083
   647.500 9424907.1989444
   648.000 9435541.5015562
   648.500 9399472.8203804
   649.000 9290828.3942876
   649.500 9277067.1356420
   650.000 9393735.5696501
   650.500 9479102.2562448
   651.000 9441885.5080490
   651.500 9398053.4786382
   652.000 9406944.9496807
   652.500 9506735.6061957
   653.000 9497028.2627757
   653.500 9361236.4417045
   654.000 9290333.1426323
   654.500 9239439.8891776
   655.000 8830573.8437135
   655.500 8405895.1184833
   656.000 8183009.4009239
   656.500 8206960.0424888
   657.000 8442062.7934853
   657.500 8715700.2520555
   658.000 8798711.1845090
   658.500 8789913.8000428
   659.000 8810822.0853602
   659.500 8853360.8135288
   660.000 8898950.2014125
   660.500 8940446.8861083
   661.000 8911820.6726089
   661.500 8891425.9010675
   662.000 8904669.1294264
   662.500 8846039.8710413
   663.000 8676912.4936172
   663.500 8665244.2102350
   664.000 8650955.7971561
   664.500 8611824.0181908
   665.000 8653105.4567057
   665.500 8563508.8943794
   666.000 8410708.1824184
   666.500 8267187.9713791
   667.000 8332457.0186314
   667.500 8444113.3975034
   668.000 8478960.2199422
   668.500 8442133.2127866
   669.000 8370734.2704188
   669.500 8360280.7020455
   670.000 8342775.5723655
   670.500 8255678.0102144
   671.000 8314783.3906423
   671.500 8381611.4889195
   672.000 8196310.4217720
   672.500 8178828.1566351
   673.000 8337075.3976936
   673.500 8401044.9508402
   674.000 8348682.5348121
   674.500 8302524.0018671
   675.000 8277468.9170834
   675.500 8245177.7918276
   676.000 8238170.4188959
   676.500 8268124.6360682
   677.000 8341372.7411385
   677.500 8343412.2182926
   678.000 8159226.1189274
   678.500 8114423.3514810
   679.000 8050955.2413248
   679.500 7995756.8475915
   680.000 7892001.7408390
   680.500 7823264.0131534
   681.000 7837652.6150245
   681.500 7788688.4521655
   682.000 7698272.9915446
   682.500 7612416.5803347
   683.000 7511899.4920236
   683.500 7481008.0077914
   684.000 7417032.5099778
   684.500 7325414.5493406
   685.000 7188066.7146205
   685.500 6903829.1917011
   686.000 6510160.5204645
   686.500 6190772.1386038
   687.000 6068684.5135086
   687.500 6133202.8996171
   688.000 6209869.9402525
   688.500 6221815.4492982
   689.000 6308723.4374652
   689.500 6512275.0304318
   690.000 6589249.8025555
   690.500 6662831.4325066
   691.000 6722825.2434230
   691.500 6676869.3261811
   692.000 6590175.7212939
   692.500 6595213.2967065
   693.000 6601688.2325765
   693.500 6461547.0166992
   694.000 6361840.7992734
   694.500 6334204.5923372
   695.000 6319092.7041497
   695.500 6294557.0084780
   696.000 6328924.9849928
   696.500 6358355.0300420
   697.000 6299660.7378286
   697.500 6196806.6792036
   698.000 6117794.9652423
   698.500 6068247.7403837
   699.000 6044648.0761716
   699.500 5835838.2418130
   700.000 5737571.7852918
   700.500 5733521.4027757
   701.000 5700731.9660373
   701.500 5637108.7341869
   702.000 5581707.3090986
   702.500 5570907.5276886
   703.000 5626817.2527313
   703.500 5686721.5480235
   704.000 5644935.0422031
   704.500 5607347.0640980
   705.000 5541393.6681620
   705.500 5649641.3713520
   706.000 5700927.6108664
   706.500 5753595.2842765
   707.000 5789429.6313209
   707.500 5804446.9809227
   708.000 5846736.7626692
   708.500 5877032.1635588
   709.000 5799747.1336088
   709.500 5779018.5834644
   710.000 5755416.8297705
   710.500 5651021.3675095
   711.000 5596177.7465781
   711.500 5565728.2585494
   712.000 5428575.5665124
   712.500 5342231.6385063
   713.000 5341108.3538120
   713.500 5283282.8192058
   714.000 5216578.3015931
   714.500 5108387.8986553
   715.000 4828688.1746591
   715.500 4701066.4249849
   716.000 4435946.3754387
   716.500 4114621.0187694
   717.000 3880124.8170056
   717.500 3672464.2753876
   718.000 3478379.1846284
   718.500 3350179.4836805
   719.000 3288697.5458564
   719.500 3252896.7616316
   720.000 3279285.7001082
   720.500 3463246.6222178
   721.000 3488583.9374546
   721.500 3507055.6625899
   722.000 3447043.4945747
   722.500 3299938.9111683
   723.000 3141792.2385985
   723.500 3003209.9461077
   724.000 2889402.1323906
   724.500 2775289.1680319
   725.000 2751760.4819425
   725.500 2737369.3459774
   726.000 2720191.3733835
   726.500 2680251.4346315
   727.000 2598280.0575645
   727.500 2593988.3087866
   728.000 2668628.5361335
   728.500 2747728.8637242
   729.000 2779474.8864125
   729.500 2809591.4241919
   730.000 2886432.8807689
   730.500 2952588.9049994
   731.000 3113282.3296452
   731.500 3152018.2372103
   732.000 3221230.0280690
   732.500 3303741.4711400
   733.000 3424934.9791898
   733.500 3470647.5934900
   734.000 3491094.8469684
   734.500 3528526.8109546
   735.000 3565645.5288192
   735.500 3626744.2217682
   736.000 3707677.4634988
   736.500 3690676.4629870
   737.000 3721546.7941597
   737.500 3785354.8369984
   738.000 3788395.5758985
   738.500 3835239.7128770
   739.000 3849736.0315587
   739.500 3807806.1286711
   740.000 3781810.6133638
   740.500 3813888.5510704
   741.000 3901620.6405561
   741.500 3925276.9781549
   742.000 3937910.0067702
   742.500 3938559.9593674
   743.000 3924634.3746816
   743.500 3963792.6699047
   744.000 3941332.7236581
   744.500 3904860.4862081
   745.000 3887895.5027411
   745.500 3890626.4086230
   746.000 3877045.9552186
   746.500 3822406.4370428
   747.000 3822383.1825190
   747.500 3857881.8234578
   748.000 3868765.5303834
   748.500 3816830.8996727
   749.000 3730921.5702776
   749.500 3655436.2878108
   750.000 3630929.8267283
   750.500 3608919.1261719
   751.000 3614764.0451148
   751.500 3560784.2053376
   752.000 3492423.2797701
   752.500 3430610.6800015
   753.000 3402296.8176674
   753.500 3413397.6465369
   754.000 3388935.4271902
   754.500 3294268.6555077
   755.000 3278207.6952277
   755.500 3283601.2938960
   756.000 3168655.7665429
   756.500 3069478.6338495
   757.000 2986467.2934970
   757.500 2632478.0316689
   758.000 2165710.5977871
   758.500 1695006.7308733
   759.000 1336420.7151377
   759.500 1193069.4448080
   760.000 1248941.6083028
   760.500 1382498.1454832
   761.000 1440287.4343851
   761.500 1457733.4238348
   762.000 1446710.2569838
   762.500 1463369.1285971
   763.000 1616524.2329020
   763.500 1771124.4529777
   764.000 1928064.0450494
   764.500 2079664.8947248
   765.000 2220535.1914212
   765.500 2347437.8628507
   766.000 2441935.1864811
   766.500 2494515.6007215
   767.000 2532148.3955812
   767.500 2545069.5008969
   768.000 2600495.2996183
   768.500 2545584.1668352
   769.000 2546354.3922496
   769.500 2568427.0363648
   770.000 2535981.2471799
   770.500 2522893.7964810
   771.000 2489185.7619760
   771.500 2434506.2353556
   772.000 2401936.2900512
   772.500 2377673.1254694
   773.000 2358072.1227632
   773.500 2373050.3165321
   774.000 2359951.2492202
   774.500 2289566.7832301
   775.000 2262518.0727578
   775.500 2267633.9550067
   776.000 2211492.2134331
   776.500 2163220.3706277
   777.000 2150425.5425391
   777.500 2145859.2125308
   778.000 2140631.3678362
   778.500 2124964.1290948
   779.000 2071859.6330509
   779.500 2032084.7258705
   780.000 2005849.0721114
   780.500 1987898.6713891
   781.000 1910518.5150444
   781.500 1891385.7791553
   782.000 1880174.1749933
   782.500 1884514.1406860
   783.000 1892873.8952456
   783.500 1856975.7063716
   784.000 1835219.9305006
   784.500 1869909.3587654
   785.000 1876351.2404241
   785.500 1842354.0701584
   786.000 1804624.2196881
   786.500 1818683.4022003
   787.000 1762627.7648569
   787.500 1755293.4937645
   788.000 1714911.6751496
   788.500 1696109.7383606
   789.000 1701260.7678239
   789.500 1672207.0793421
   790.000 1614217.1947109
   790.500 1572190.0758102
   791.000 1548442.3146915
   791.500 1526512.0619602
   792.000 1527127.5228904
   792.500 1528713.5963892
   793.000 1503675.2648598
   793.500 1465453.7943225
   794.000 1443152.4620392
   794.500 1438983.5936457
   795.000 1432907.9269614
   795.500 1396062.3675840
   796.000 1364182.4472094
   796.500 1371300.6097115
   797.000 1377760.3278325
   797.500 1338512.8809098
   798.000 1310148.3402847
   798.500 1336563.3473678
   799.000 1328375.4467892
   799.500 1346395.4259328
   800.000 1294199.7073455
   800.500 1269436.6379601
   801.000 1303026.5955124
   801.500 1343468.1240254
   802.000 1339246.6530599
   802.500 1319092.4307748
   803.000 1314192.8211244
   803.500 1308734.9690332
   804.000 1323438.1664223
   804.500 1365807.3305520
   805.000 1319974.5131829
   805.500 1307535.2004016
   806.000 1321169.4217907
   806.500 1300279.4741110
   807.000 1312607.4451652
   807.500 1314653.2834496
   808.000 1286273.6099037
   808.500 1244309.1816753
   809.000 1224826.4894305
   809.500 1222150.4421285
   810.000 1185533.7268236
   810.500 1150607.6085245
   811.000 1094551.1231612
   811.500 1093606.3652285
   812.000 1077639.4037650
   812.500 999051.0472376
   813.000 982251.6374523
   813.500 961860.6120704
   814.000 920990.9739323
   814.500 916038.1337542
   815.000 935051.8766741
   815.500 944332.0118010
   816.000 976471.6108446
   816.500 1009004.8448927
   817.000 976840.8676246
   817.500 990067.4786831
   818.000 984456.1342899
   818.500 977928.7242624
   819.000 964591.5839578
   819.500 916994.3175738
   820.000 855846.4117475
   820.500 848244.6790545
   821.000 873993.4837049
   821.500 898858.2717129
   822.000 942908.3772359
   822.500 976164.3484503
   823.000 948027.0436713
   823.500 953381.5957412
   824.000 928502.9701787
   824.500 916979.1990061
   825.000 893086.2337893
   825.500 885054.2545547
   826.000 845664.8879928
   826.500 851436.6048092
   827.000 907302.2585908
   827.500 932937.9184329
   828.000 904477.3314087
   828.500 872774.7996326
   829.000 851873.0142427
   829.500 865489.3432391
   830.000 813055.2779713
   830.500 786126.4771817
   831.000 837703.1847344
   831.500 836506.4913529
   832.000 832553.0858077
   832.500 814351.4861700
   833.000 797355.0104057
   833.500 779101.5032087
   834.000 766681.6224606
   834.500 774415.9701003
   835.000 746411.1538909
   835.500 762088.6270866
   836.000 756592.4587767
   836.500 752813.4270457
   837.000 734817.9421599
   837.500 712720.8784456
   838.000 716811.0155628
   838.500 730244.7229768
   839.000 739480.2235474
   839.500 716405.5836551
   840.000 692228.8272934
   840.500 711587.3520204
   841.000 713987.3231164
   841.500 681916.3578236
   842.000 672036.6253070
   842.500 680854.3660127
   843.000 683209.4641615
   843.500 724555.4190170
   844.000 681828.3344751
   844.500 665595.5903593
   845.000 667553.5153719
   845.500 660944.1460821
   846.000 661696.2634005
   846.500 671269.4400536
   847.000 660012.8000274
   847.500 631163.4231011
   848.000 608263.7431193
   848.500 630623.0141945
   849.000 638204.7584864
   849.500 619955.1844188
   850.000 573536.4462562
   850.500 499821.2150116
   851.000 472148.2401359
   851.500 478304.6658395
   852.000 476364.9614094
   852.500 474398.6823243
   853.000 483876.5857361
   853.500 472290.3572538
   854.000 470960.8018640
   854.500 492884.2005215
   855.000 487530.5722359
   855.500 433088.0987334
   856.000 417346.2228242
   856.500 415638.3699897
   857.000 389167.7397000
   857.500 383935.4082555
   858.000 380438.5721319
   858.500 351821.0211324
   859.000 336589.5027341
   859.500 351083.9106639
   860.000 355887.9675914
   860.500 375724.6236936
   861.000 351790.7560639
   861.500 357840.4371499
   862.000 315807.7780312
   862.500 289157.3058050
   863.000 308892.7821325
   863.500 329850.9076592
   864.000 373672.0558985
   864.500 417759.2162035
   865.000 412841.0648213
   865.500 398237.6009325
   866.000 415861.3963811
   866.500 420631.3181338
   867.000 376857.5339163
   867.500 392288.5801512
   868.000 370091.0732376
   868.500 364902.9018574
   869.000 393796.7463073
   869.500 385024.5261767
   870.000 355805.6105546
   870.500 357356.2163356
   871.000 381251.0270426
   871.500 367636.5561379
   872.000 315946.3862703
   872.500 350645.8842296
   873.000 343181.5588939
   873.500 324758.7792052
   874.000 309462.4654974
   874.500 308525.5500002
   875.000 302791.8346706
   875.500 295455.6602059
   876.000 266392.2075837
   876.500 235132.5005153
   877.000 234501.8903411
   877.500 242996.1332394
   878.000 223484.6674155
   878.500 211647.4220022
   879.000 170113.5666348
   879.500 221760.3336253
   880.000 190497.2673085
   880.500 191657.0542136
   881.000 173109.9721369
   881.500 190823.8158022
   882.000 188462.0410491
   882.500 185109.0129638
   883.000 195755.7453696
   883.500 183128.5304704
   884.000 155567.9209237
   884.500 174838.1533279
   885.000 189607.8690099
   885.500 143883.7393332
   886.000 157425.2697026
   886.500 168929.4196387
   887.000 161171.7638168
   887.500 145198.9590847
   888.000 135417.6382229
   888.500 145912.4458496
   889.000 164922.7470666
   889.500 163039.1303608
   890.000 140385.8598474
   890.500 127097.4956314
   891.000 107803.8592429
   891.500 96505.3594584
   892.000 135555.3540122
   892.500 152590.5817074
   893.000 157147.9310987
   893.500 169707.7074446
   894.000 150343.2145051
   894.500 130875.3274254
   895.000 132121.7484555
   895.500 132686.4821392
   896.000 117154.5018717
   896.500 106236.5511493
   897.000 113849.1707289
   897.500 96391.6936790
   898.000 95761.8550572
   898.500 120722.8313800
   899.000 131980.6506218
   899.500 138148.8864835
   900.000 147854.5523267
   900.500 135832.0157929
   901.000 141904.0501650
   901.500 171278.7028024
   902.000 180926.5534282
   902.500 160015.3577755
   903.000 142190.9247776
   903.500 152772.4591355
   904.000 144758.3774581
   904.500 131059.3874332
   905.000 109546.4036672
   905.500 160845.5212318
   906.000 179140.6770355
   906.500 164278.4551915
   907.000 146237.5149154
   907.500 149282.2199676
   908.000 142572.1836049
   908.500 109865.6271537
   909.000 107835.4118904
   909.500 120619.3211911
   910.000 147037.3294717
   910.500 121371.4056320
   911.000 138764.8559959
   911.500 143200.6349442
   912.000 134968.7552945
   912.500 132507.0637900
   913.000 120274.2643856
   913.500 127441.9059076
   914.000 143000.4272597
   914.500 138388.2740353
   915.000 136875.9544120
   915.500 150169.7650001
   916.000 188137.9655889
   916.500 158614.8890202
   917.000 156095.5345328
   917.500 144785.3179549
   918.000 141389.2335541
   918.500 134691.5401270
   919.000 150298.4951652
   919.500 149243.0888524
   920.000 134074.4334503
   920.500 116347.9214629
   921.000 96445.0210129
   921.500 118045.5335622
   922.000 139361.5088931
   922.500 116464.2298912
   923.000 87649.1182396
   923.500 82280.4798816
   924.000 106777.3247955
   924.500 117293.0476623
   925.000 110579.0544933
   925.500 91309.3168263
   926.000 50459.2414140
   926.500 21319.9748691
   927.000 31555.0676268
   927.500 45579.3409257
   928.000 59014.4625793
   928.500 41522.8159339
   929.000 740.7651701
   929.500 16078.3540608
   930.000 49063.8719763
   930.500 34393.7721193
   931.000 29268.6429874
   931.500 36743.4863132
   932.000 25312.5924034
   932.500 12112.7068777
   933.000 18237.9182112
   933.500 29461.8712411
   934.000 46872.8350464
   934.500 34951.6142032
   935.000 54764.2825866
   935.500 62637.2653596
   936.000 57660.5554314
   936.500 48636.9497384
   937.000 40096.9780032
   937.500 35566.6295731
   938.000 47486.4472391
   938.500 47344.1811493
   939.000 50965.7532248
   939.500 84312.8164414
   940.000 87601.7541130
   940.500 76887.4243014
   941.000 64171.3291220
   941.500 52204.3953071
   942.000 47648.5825331
   942.500 68680.2704395
   943.000 50893.7275253
   943.500 57772.1374861
   944.000 60975.9125658
   944.500 42000.1185062
   945.000 40403.2231451
   945.500 60424.4033203
   946.000 63226.3859222
   946.500 77508.8974334
   947.000 51191.7613982
   947.500 29934.7079112
   948.000 82235.6058931
   948.500 49527.0295202
   949.000 91566.9366642
   949.500 59968.0484562
   950.000 22730.3463252
   950.500 23492.6114775
   951.000 29362.3804208
   951.500 18853.5165597
   952.000 26242.1984249
   952.500 68931.9605031
   953.000 51113.1864793
   953.500 42884.0744638
   954.000 38790.1234218
   954.500 36027.5066369
   955.000 53463.7008830
   955.500 35325.3980428
   956.000 23076.1426558
   956.500 18714.0181696
   957.000 19973.6954133
   957.500 30813.5012390
   958.000 44109.0005189
   958.500 39421.4983104
   959.000 5913.3441709
   959.500 44234.7821575
   960.000 59035.9897706
   960.500 56071.3206084
   961.000 40765.4428326
   961.500 9984.5521629
   962.000 12841.7251796
   962.500 10992.6833737
   963.000 15120.3393477
   963.500 27752.0175983
   964.000 27499.6514659
   964.500 36498.0731898
   965.000 71581.2779702
   965.500 35485.1944577
   966.000 52046.2585752
   966.500 47322.4689114
   967.000 36526.5801897
   967.500 21398.1826551
   968.000 15547.7566857
   968.500 8754.4488524
   969.000 28171.1945057
   969.500 42289.6633511
   970.000 35659.1117986
   970.500 32388.2815490
   971.000 8931.5293981
   971.500  0.0000000
   972.000  0.0000000
   972.500  0.0000000
   973.000  0.0000000
   973.500  0.0000000
   974.000  0.0000000
   974.500  0.0000000
   975.000  0.0000000
   975.500  0.0000000
   976.000  0.0000000
   976.500  0.0000000
   977.000  0.0000000
   977.500  0.0000000
   978.000  0.0000000
   978.500  0.0000000
   979.000  0.0000000
   979.500  0.0000000
   980.000  0.0000000
   980.500  0.0000000
   981.000  0.0000000
   981.500  0.0000000
   982.000  0.0000000
   982.500  0.0000000
   983.000  0.0000000
   983.500  0.0000000
   984.000  0.0000000
   984.500  0.0000000
   985.000  0.0000000
   985.500  0.0000000
   986.000  0.0000000
   986.500  0.0000000
   987.000  0.0000000
   987.500  0.0000000
   988.000  0.0000000
   988.500  0.0000000
   989.000  0.0000000
   989.500  0.0000000
   990.000  0.0000000
   990.500  0.0000000
   991.000  0.0000000
   991.500  0.0000000
   992.000  0.0000000
   992.500  0.0000000
   993.000  0.0000000
   993.500  0.0000000
   994.000  0.0000000
   994.500  0.0000000
   995.000  0.0000000
   995.500  0.0000000
   996.000  0.0000000
   996.500  0.0000000
   997.000  0.0000000
   997.500  0.0000000
   998.000  0.0000000
   998.500  0.0000000
   999.000  0.0000000
   999.500  0.0000000
  1000.000  0.0000000
  1000.500  0.0000000
  1001.000  0.0000000
  1001.500  0.0000000
  1002.000  0.0000000
  1002.500  0.0000000
  1003.000  0.0000000
  1003.500  0.0000000
  1004.000  0.0000000
  1004.500  0.0000000
  1005.000  0.0000000
  1005.500  0.0000000
  1006.000  0.0000000
  1006.500  0.0000000
  1007.000  0.0000000
  1007.500  0.0000000
  1008.000  0.0000000
  1008.500  0.0000000
  1009.000  0.0000000
  1009.500  0.0000000
  1010.000  0.0000000
  1010.500  0.0000000
  1011.000  0.0000000
  1011.500  0.0000000
  1012.000  0.0000000
  1012.500  0.0000000
  1013.000  0.0000000
  1013.500  0.0000000
  1014.000  0.0000000
  1014.500  0.0000000
  1015.000  0.0000000
  1015.500  0.0000000
  1016.000  0.0000000
  1016.500  0.0000000
  1017.000  0.0000000
  1017.500  0.0000000
  1018.000  0.0000000
  1018.500  0.0000000
  1019.000  0.0000000
  1019.500  0.0000000
  1020.000  0.0000000
  1020.500  0.0000000
  1021.000  0.0000000
  1021.500  0.0000000
  1022.000  0.0000000
  1022.500  0.0000000
  1023.000  0.0000000
  1023.500  0.0000000
  1024.000  0.0000000
  1024.500  0.0000000
  1025.000  0.0000000
  1025.500  0.0000000
  1026.000  0.0000000
  1026.500  0.0000000
  1027.000  0.0000000
  1027.500  0.0000000
  1028.000  0.0000000
  1028.500  0.0000000
  1029.000  0.0000000
  1029.500  0.0000000
  1030.000  0.0000000
  1030.500  0.0000000
  1031.000  0.0000000
  1031.500  0.0000000
  1032.000  0.0000000
  1032.500  0.0000000
  1033.000  0.0000000
  1033.500  0.0000000
  1034.000  0.0000000
  1034.500  0.0000000
  1035.000  0.0000000
  1035.500  0.0000000
  1036.000  0.0000000
  1036.500  0.0000000
  1037.000  0.0000000
  1037.500  0.0000000
  1038.000  0.0000000
  1038.500  0.0000000
  1039.000  0.0000000
  1039.500  0.0000000
  1040.000  0.0000000
  1040.500  0.0000000
  1041.000  0.0000000
  1041.500  0.0000000
  1042.000  0.0000000
  1042.500  0.0000000
  1043.000  0.0000000
  1043.500  0.0000000
  1044.000  0.0000000
  1044.500  0.0000000
  1045.000  0.0000000
  1045.500  0.0000000
  1046.000  0.0000000
  1046.500  0.0000000
  1047.000  0.0000000
  1047.500  0.0000000
  1048.000  0.0000000
  1048.500  0.0000000
  1049.000  0.0000000
  1049.500  0.0000000
  1050.000  0.0000000
  1050.500  0.0000000
  1051.000  0.0000000
  1051.500  0.0000000
  1052.000  0.0000000
  1052.500  0.0000000
  1053.000  0.0000000
  1053.500  0.0000000
  1054.000  0.0000000
  1054.500  0.0000000
  1055.000  0.0000000
  1055.500  0.0000000
  1056.000  0.0000000
  1056.500  0.0000000
  1057.000  0.0000000
  1057.500  0.0000000
  1058.000  0.0000000
  1058.500  0.0000000
  1059.000  0.0000000
  1059.500  0.0000000
  1060.000  0.0000000
  1060.500  0.0000000
  1061.000  0.0000000
  1061.500  0.0000000
  1062.000  0.0000000
