  1150.000  0.0000000
  1155.000  0.0000000
  1160.000  0.0000153
  1165.000  0.0000219
  1170.000  0.0000211
  1175.000  0.0000123
  1180.000  0.0000261
  1185.000  0.0000831
  1190.000  0.0001040
  1195.000  0.0000000
  1200.000  0.0000000
  1205.000  0.0000258
  1210.000  0.0001055
  1215.000  0.0002800
  1220.000  0.0000701
  1225.000  0.0000000
  1230.000  0.0000025
  1235.000  0.0000508
  1240.000  0.0001163
  1245.000  0.0000122
  1250.000  0.0001069
  1255.000  0.0000397
  1260.000  0.0000056
  1265.000  0.0000000
  1270.000  0.0000225
  1275.000  0.0000154
  1280.000  0.0000000
  1285.000  0.0000000
  1290.000  0.0000366
  1295.000  0.0001355
  1300.000  0.0000807
  1305.000  0.0000001
  1310.000  0.0000422
  1315.000  0.0000088
  1320.000  0.0000000
  1325.000  0.0000000
  1330.000  0.0000140
  1335.000  0.0000582
  1340.000  0.0001006
  1345.000  0.0001275
  1350.000  0.0001494
  1355.000  0.0000000
  1360.000  0.0000000
  1365.000  0.0000000
  1370.000  0.0000000
  1375.000  0.0001703
  1380.000  0.0001014
  1385.000  0.0000000
  1390.000  0.0000367
  1395.000  0.0001333
  1400.000  0.0001876
  1405.000  0.0001335
  1410.000  0.0000000
  1415.000  0.0000000
  1420.000  0.0000000
  1425.000  0.0000142
  1430.000  0.0000061
  1435.000  0.0000000
  1440.000  0.0000000
  1445.000  0.0000000
  1450.000  0.0000000
  1455.000  0.0000000
  1460.000  0.0000000
  1465.000  0.0000031
  1470.000  0.0001428
  1475.000  0.0000338
  1480.000  0.0000026
  1485.000  0.0000765
  1490.000  0.0000524
  1495.000  0.0000345
  1500.000  0.0001598
  1505.000  0.0002686
  1510.000  0.0001744
  1515.000  0.0000898
  1520.000  0.0000004
  1525.000  0.0000038
  1530.000  0.0000009
  1535.000  0.0000068
  1540.000  0.0002114
  1545.000  0.0003433
  1550.000  0.0002307
  1555.000  0.0000745
  1560.000  0.0000442
  1565.000  0.0001691
  1570.000  0.0001116
  1575.000  0.0000033
  1580.000  0.0000000
  1585.000  0.0000000
  1590.000  0.0000000
  1595.000  0.0000000
  1600.000  0.0001185
  1605.000  0.0002406
  1610.000  0.0001641
  1615.000  0.0000000
  1620.000  0.0000000
  1625.000  0.0000084
  1630.000  0.0001940
  1635.000  0.0000295
  1640.000  0.0000000
  1645.000  0.0000000
  1650.000  0.0000074
  1655.000  0.0000181
  1660.000  0.0000144
  1665.000  0.0000000
  1670.000  0.0000003
  1675.000  0.0000015
  1680.000  0.0000000
  1685.000  0.0000000
  1690.000  0.0000529
  1695.000  0.0001248
  1700.000  0.0002136
  1705.000  0.0002255
  1710.000  0.0001107
  1715.000  0.0000000
  1720.000  0.0000000
  1725.000  0.0000000
  1730.000  0.0000002
  1735.000  0.0000018
  1740.000  0.0004559
  1745.000  0.0001928
  1750.000  0.0001150
  1755.000  0.0000901
  1760.000  0.0000359
  1765.000  0.0000000
  1770.000  0.0000925
  1775.000  0.0002088
  1780.000  0.0000000
  1785.000  0.0000000
  1790.000  0.0000000
  1795.000  0.0000000
  1800.000  0.0000000
  1805.000  0.0001092
  1810.000  0.0001700
  1815.000  0.0000864
  1820.000  0.0000000
  1825.000  0.0000000
  1830.000  0.0000000
  1835.000  0.0000000
  1840.000  0.0000028
  1845.000  0.0000687
  1850.000  0.0000108
  1855.000  0.0000000
  1860.000  0.0000000
  1865.000  0.0000000
  1870.000  0.0000000
  1875.000  0.0000000
  1880.000  0.0000564
  1885.000  0.0001662
  1890.000  0.0000065
  1895.000  0.0000594
  1900.000  0.0000652
  1905.000  0.0000114
  1910.000  0.0000000
  1915.000  0.0000000
  1920.000  0.0000000
  1925.000  0.0000000
  1930.000  0.0000000
  1935.000  0.0000000
  1940.000  0.0000000
  1945.000  0.0000000
  1950.000  0.0000000
  1955.000  0.0005475
  1960.000  0.0001273
  1965.000  0.0000000
  1970.000  0.0000000
  1975.000  0.0000000
  1980.000  0.0000000
  1985.000  0.0000000
  1990.000  0.0000000
  1995.000  0.0000477
  2000.000  0.0003454
  2005.000  0.0007784
  2010.000  0.0004382
  2015.000  0.0000803
  2020.000  0.0000000
  2025.000  0.0000000
  2030.000  0.0000000
  2035.000  0.0000898
  2040.000  0.0001545
  2045.000  0.0000000
  2050.000  0.0000000
  2055.000  0.0000000
  2060.000  0.0000000
  2065.000  0.0000000
  2070.000  0.0000000
  2075.000  0.0000000
  2080.000  0.0000956
  2085.000  0.0000952
  2090.000  0.0000092
  2095.000  0.0000663
  2100.000  0.0001849
  2105.000  0.0000000
  2110.000  0.0000000
  2115.000  0.0000000
  2120.000  0.0000000
  2125.000  0.0000000
  2130.000  0.0000000
  2135.000  0.0000190
  2140.000  0.0000195
  2145.000  0.0000000
  2150.000  0.0000000
  2155.000  0.0000132
  2160.000  0.0000671
  2165.000  0.0000008
  2170.000  0.0008881
  2175.000  0.0004218
  2180.000  0.0000816
  2185.000  0.0000000
  2190.000  0.0000000
  2195.000  0.0000000
  2200.000  0.0001226
  2205.000  0.0002876
  2210.000  0.0000000
  2215.000  0.0000000
  2220.000  0.0000000
  2225.000  0.0000694
  2230.000  0.0001926
  2235.000  0.0000716
  2240.000  0.0000000
  2245.000  0.0000000
  2250.000  0.0000000
  2255.000  0.0001956
  2260.000  0.0005029
  2265.000  0.0000000
  2270.000  0.0000008
  2275.000  0.0000214
  2280.000  0.0000034
  2285.000  0.0001473
  2290.000  0.0000671
  2295.000  0.0000000
  2300.000  0.0001311
  2305.000  0.0003174
  2310.000  0.0003634
  2315.000  0.0004851
  2320.000  0.0011174
  2325.000  0.0001978
  2330.000  0.0000160
  2335.000  0.0000000
  2340.000  0.0000000
  2345.000  0.0000000
  2350.000  0.0000000
  2355.000  0.0000145
  2360.000  0.0000200
  2365.000  0.0002202
  2370.000  0.0007729
  2375.000  0.0005199
  2380.000  0.0007617
  2385.000  0.0002887
  2390.000  0.0004150
  2395.000  0.0004060
  2400.000  0.0005858
  2405.000  0.0008023
  2410.000  0.0008278
  2415.000  0.0004754
  2420.000  0.0000259
  2425.000  0.0001248
  2430.000  0.0007589
  2435.000  0.0002216
  2440.000  0.0009352
  2445.000  0.0010624
  2450.000  0.0003418
  2455.000  0.0000000
  2460.000  0.0000000
  2465.000  0.0000000
  2470.000  0.0001512
  2475.000  0.0006479
  2480.000  0.0011936
  2485.000  0.0013101
  2490.000  0.0009403
  2495.000  0.0003006
  2500.000  0.0008061
  2505.000  0.0003404
  2510.000  0.0000000
  2515.000  0.0000000
  2520.000  0.0000363
  2525.000  0.0001195
  2530.000  0.0001402
  2535.000  0.0000570
  2540.000  0.0005711
  2545.000  0.0005608
  2550.000  0.0007349
  2555.000  0.0005903
  2560.000  0.0001885
  2565.000  0.0000000
  2570.000  0.0000000
  2575.000  0.0000000
  2580.000  0.0001233
  2585.000  0.0004402
  2590.000  0.0002506
  2595.000  0.0000037
  2600.000  0.0000000
  2605.000  0.0000000
  2610.000  0.0000000
  2615.000  0.0000000
  2620.000  0.0000000
  2625.000  0.0000000
  2630.000  0.0001901
  2635.000  0.0004258
  2640.000  0.0000000
  2645.000  0.0000000
  2650.000  0.0000000
  2655.000  0.0000000
  2660.000  0.0000500
  2665.000  0.0004516
  2670.000  0.0010627
  2675.000  0.0009698
  2680.000  0.0003524
  2685.000  0.0000000
  2690.000  0.0000000
  2695.000  0.0000000
  2700.000  0.0000000
  2705.000  0.0000000
  2710.000  0.0005064
  2715.000  0.0006103
  2720.000  0.0004279
  2725.000  0.0005882
  2730.000  0.0006096
  2735.000  0.0008034
  2740.000  0.0009986
  2745.000  0.0000052
  2750.000  0.0000240
  2755.000  0.0000000
  2760.000  0.0000000
  2765.000  0.0002365
  2770.000  0.0003735
  2775.000  0.0001442
  2780.000  0.0002002
  2785.000  0.0005095
  2790.000  0.0004317
  2795.000  0.0001588
  2800.000  0.0007021
  2805.000  0.0010326
  2810.000  0.0012143
  2815.000  0.0019113
  2820.000  0.0011181
  2825.000  0.0004767
  2830.000  0.0002775
  2835.000  0.0002849
  2840.000  0.0001685
  2845.000  0.0000000
  2850.000  0.0000000
  2855.000  0.0000000
  2860.000  0.0000000
  2865.000  0.0000000
  2870.000  0.0000000
  2875.000  0.0006698
  2880.000  0.0002767
  2885.000  0.0003989
  2890.000  0.0003423
  2895.000  0.0000000
  2900.000  0.0000000
  2905.000  0.0000000
  2910.000  0.0000000
  2915.000  0.0000147
  2920.000  0.0004774
  2925.000  0.0001415
  2930.000  0.0001768
  2935.000  0.0002778
  2940.000  0.0001370
  2945.000  0.0000790
  2950.000  0.0003205
  2955.000  0.0003959
  2960.000  0.0000000
  2965.000  0.0000529
  2970.000  0.0005442
  2975.000  0.0000480
  2980.000  0.0000000
  2985.000  0.0002884
  2990.000  0.0001494
  2995.000  0.0000000
  3000.000  0.0001137
  3005.000  0.0001687
  3010.000  0.0000000
  3015.000  0.0000492
  3020.000  0.0004016
  3025.000  0.0016863
  3030.000  0.0013451
  3035.000  0.0016804
  3040.000  0.0007095
  3045.000  0.0001017
  3050.000  0.0002339
  3055.000  0.0007756
  3060.000  0.0009861
  3065.000  0.0003837
  3070.000  0.0001016
  3075.000  0.0001273
  3080.000  0.0000055
  3085.000  0.0000000
  3090.000  0.0005850
  3095.000  0.0015828
  3100.000  0.0014494
  3105.000  0.0007671
  3110.000  0.0008009
  3115.000  0.0014078
  3120.000  0.0012601
  3125.000  0.0000000
  3130.000  0.0000000
  3135.000  0.0000000
  3140.000  0.0000000
  3145.000  0.0000000
  3150.000  0.0000334
  3155.000  0.0000231
  3160.000  0.0000253
  3165.000  0.0001346
  3170.000  0.0003812
  3175.000  0.0005673
  3180.000  0.0000143
  3185.000  0.0001423
  3190.000  0.0000131
  3195.000  0.0000000
  3200.000  0.0000000
  3205.000  0.0000000
  3210.000  0.0000000
  3215.000  0.0000282
  3220.000  0.0000418
  3225.000  0.0000000
  3230.000  0.0000000
  3235.000  0.0000000
  3240.000  0.0000000
  3245.000  0.0000000
  3250.000  0.0000000
  3255.000  0.0000000
  3260.000  0.0000000
  3265.000  0.0000000
  3270.000  0.0004302
  3275.000  0.0012341
  3280.000  0.0012960
  3285.000  0.0000956
  3290.000  0.0000000
  3295.000  0.0000000
  3300.000  0.0014818
  3305.000  0.0011154
  3310.000  0.0003027
  3315.000  0.0000000
  3320.000  0.0000000
  3325.000  0.0002906
  3330.000  0.0006026
  3335.000  0.0005437
  3340.000  0.0012555
  3345.000  0.0000000
  3350.000  0.0000000
  3355.000  0.0004148
  3360.000  0.0001269
  3365.000  0.0000000
  3370.000  0.0000000
  3375.000  0.0000000
  3380.000  0.0000000
  3385.000  0.0000000
  3390.000  0.0000000
  3395.000  0.0000000
  3400.000  0.0000000
  3405.000  0.0000000
  3410.000  0.0006736
  3415.000  0.0008810
  3420.000  0.0010349
  3425.000  0.0005199
  3430.000  0.0000000
  3435.000  0.0010224
  3440.000  0.0021926
  3445.000  0.0000000
  3450.000  0.0000000
  3455.000  0.0000000
  3460.000  0.0000000
  3465.000  0.0000000
  3470.000  0.0000000
  3475.000  0.0000000
  3480.000  0.0001436
  3485.000  0.0004809
  3490.000  0.0008156
  3495.000  0.0009106
  3500.000  0.0009122
  3505.000  0.0012959
  3510.000  0.0012147
  3515.000  0.0014602
  3520.000  0.0007720
  3525.000  0.0012149
  3530.000  0.0015822
  3535.000  0.0021166
  3540.000  0.0023887
  3545.000  0.0013738
  3550.000  0.0000000
  3555.000  0.0001496
  3560.000  0.0012735
  3565.000  0.0000918
  3570.000  0.0003464
  3575.000  0.0001396
  3580.000  0.0000157
  3585.000  0.0001349
  3590.000  0.0001319
  3595.000  0.0000000
  3600.000  0.0000000
  3605.000  0.0000000
  3610.000  0.0000000
  3615.000  0.0000000
  3620.000  0.0000000
  3625.000  0.0000000
  3630.000  0.0000000
  3635.000  0.0024781
  3640.000  0.0026343
  3645.000  0.0011030
  3650.000  0.0006561
  3655.000  0.0005461
  3660.000  0.0000000
  3665.000  0.0000000
  3670.000  0.0000000
  3675.000  0.0002349
  3680.000  0.0000564
  3685.000  0.0008973
  3690.000  0.0005171
  3695.000  0.0008863
  3700.000  0.0019635
  3705.000  0.0026764
  3710.000  0.0034990
  3715.000  0.0038380
  3720.000  0.0046535
  3725.000  0.0023232
  3730.000  0.0027297
  3735.000  0.0049374
  3740.000  0.0043896
  3745.000  0.0042653
  3750.000  0.0086856
  3755.000  0.0113475
  3760.000  0.0091276
  3765.000  0.0094553
  3770.000  0.0108460
  3775.000  0.0105573
  3780.000  0.0115449
  3785.000  0.0127387
  3790.000  0.0156634
  3795.000  0.0173959
  3800.000  0.0186141
  3805.000  0.0174351
  3810.000  0.0181842
  3815.000  0.0216408
  3820.000  0.0232846
  3825.000  0.0262894
  3830.000  0.0302832
  3835.000  0.0365616
  3840.000  0.0342654
  3845.000  0.0342758
  3850.000  0.0355985
  3855.000  0.0380719
  3860.000  0.0425066
  3865.000  0.0469294
  3870.000  0.0511241
  3875.000  0.0577120
  3880.000  0.0634035
  3885.000  0.0766886
  3890.000  0.0869780
  3895.000  0.0786213
  3900.000  0.0744573
  3905.000  0.0798356
  3910.000  0.0861016
  3915.000  0.0919182
  3920.000  0.0993872
  3925.000  0.1042868
  3930.000  0.1046051
  3935.000  0.1106178
  3940.000  0.1160348
  3945.000  0.1214599
  3950.000  0.1263783
  3955.000  0.1330978
  3960.000  0.1414435
  3965.000  0.1611722
  3970.000  0.1830308
  3975.000  0.1620011
  3980.000  0.1567250
  3985.000  0.1654591
  3990.000  0.1739792
  3995.000  0.1797057
  4000.000  0.1846278
  4005.000  0.1927733
  4010.000  0.1993104
  4015.000  0.1996153
  4020.000  0.2044241
  4025.000  0.2198000
  4030.000  0.2216441
  4035.000  0.2235960
  4040.000  0.2298491
  4045.000  0.2280565
  4050.000  0.2325160
  4055.000  0.2453738
  4060.000  0.2492468
  4065.000  0.2497172
  4070.000  0.2516069
  4075.000  0.2588064
  4080.000  0.2661407
  4085.000  0.2691385
  4090.000  0.2781638
  4095.000  0.2972686
  4100.000  0.3263299
  4105.000  0.3208708
  4110.000  0.2957299
  4115.000  0.2934760
  4120.000  0.3003298
  4125.000  0.3016625
  4130.000  0.3068211
  4135.000  0.3184032
  4140.000  0.3347040
  4145.000  0.3429338
  4150.000  0.3290971
  4155.000  0.3375830
  4160.000  0.3388833
  4165.000  0.3459531
  4170.000  0.3528619
  4175.000  0.3541595
  4180.000  0.3563770
  4185.000  0.3627226
  4190.000  0.3709726
  4195.000  0.3714526
  4200.000  0.3728401
  4205.000  0.3743737
  4210.000  0.3753388
  4215.000  0.3845512
  4220.000  0.3876426
  4225.000  0.3949176
  4230.000  0.4074519
  4235.000  0.4102049
  4240.000  0.4053977
  4245.000  0.4081643
  4250.000  0.4121574
  4255.000  0.4143736
  4260.000  0.4196725
  4265.000  0.4255396
  4270.000  0.4300377
  4275.000  0.4387215
  4280.000  0.4458715
  4285.000  0.4447899
  4290.000  0.4432118
  4295.000  0.4457814
  4300.000  0.4531967
  4305.000  0.4620367
  4310.000  0.4686046
  4315.000  0.4654171
  4320.000  0.4674578
  4325.000  0.4787643
  4330.000  0.4761407
  4335.000  0.4849172
  4340.000  0.5138463
  4345.000  0.5032497
  4350.000  0.4892234
  4355.000  0.4940844
  4360.000  0.4996078
  4365.000  0.4964393
  4370.000  0.4996771
  4375.000  0.5015178
  4380.000  0.5065812
  4385.000  0.5256623
  4390.000  0.5368684
  4395.000  0.5263586
  4400.000  0.5389545
  4405.000  0.5543998
  4410.000  0.5532388
  4415.000  0.5599790
  4420.000  0.5693089
  4425.000  0.5649846
  4430.000  0.5717393
  4435.000  0.5723850
  4440.000  0.5626342
  4445.000  0.5602539
  4450.000  0.5669829
  4455.000  0.5694804
  4460.000  0.5723429
  4465.000  0.5864304
  4470.000  0.6072688
  4475.000  0.5994494
  4480.000  0.6139525
  4485.000  0.6059923
  4490.000  0.5978058
  4495.000  0.5992195
  4500.000  0.6066252
  4505.000  0.6146560
  4510.000  0.6193753
  4515.000  0.6153627
  4520.000  0.6120297
  4525.000  0.6187057
  4530.000  0.6212721
  4535.000  0.6274652
  4540.000  0.6388857
  4545.000  0.6419079
  4550.000  0.6460012
  4555.000  0.6512255
  4560.000  0.6528289
  4565.000  0.6539071
  4570.000  0.6638834
  4575.000  0.6667360
  4580.000  0.6649787
  4585.000  0.6724678
  4590.000  0.6753989
  4595.000  0.6740637
  4600.000  0.6771269
  4605.000  0.6752752
  4610.000  0.6713757
  4615.000  0.6782753
  4620.000  0.6906601
  4625.000  0.6964351
  4630.000  0.7041513
  4635.000  0.7122625
  4640.000  0.7011505
  4645.000  0.6938410
  4650.000  0.7018135
  4655.000  0.6979167
  4660.000  0.7012873
  4665.000  0.7147346
  4670.000  0.7308299
  4675.000  0.7305624
  4680.000  0.7287961
  4685.000  0.7318009
  4690.000  0.7336394
  4695.000  0.7325845
  4700.000  0.7374689
  4705.000  0.7352583
  4710.000  0.7486258
  4715.000  0.7490808
  4720.000  0.7393144
  4725.000  0.7566809
  4730.000  0.7672163
  4735.000  0.7554992
  4740.000  0.7555490
  4745.000  0.7704527
  4750.000  0.7685777
  4755.000  0.7685673
  4760.000  0.7721224
  4765.000  0.7775991
  4770.000  0.7826956
  4775.000  0.7941289
  4780.000  0.8034530
  4785.000  0.8029075
  4790.000  0.8026284
  4795.000  0.7905862
  4800.000  0.7985131
  4805.000  0.8137631
  4810.000  0.8133006
  4815.000  0.8159347
  4820.000  0.8181927
  4825.000  0.8077897
  4830.000  0.8105000
  4835.000  0.8224922
  4840.000  0.8247902
  4845.000  0.8315354
  4850.000  0.8329973
  4855.000  0.8568838
  4860.000  0.8815599
  4865.000  0.8743581
  4870.000  0.8599335
  4875.000  0.8763068
  4880.000  0.8971653
  4885.000  0.8973379
  4890.000  0.8731116
  4895.000  0.8557240
  4900.000  0.8602455
  4905.000  0.8550062
  4910.000  0.8582707
  4915.000  0.8733082
  4920.000  0.8894346
  4925.000  0.8823713
  4930.000  0.8688022
  4935.000  0.8905534
  4940.000  0.9091983
  4945.000  0.8889395
  4950.000  0.8724118
  4955.000  0.8907563
  4960.000  0.9111365
  4965.000  0.9123989
  4970.000  0.9046616
  4975.000  0.9195425
  4980.000  0.9171851
  4985.000  0.9178517
  4990.000  0.9110152
  4995.000  0.9042997
  5000.000  0.9028486
  5005.000  0.9001700
  5010.000  0.9054182
  5015.000  0.9072440
  5020.000  0.9030463
  5025.000  0.8993982
  5030.000  0.9120844
  5035.000  0.9328151
  5040.000  0.9191442
  5045.000  0.9184710
  5050.000  0.9315045
  5055.000  0.9338177
  5060.000  0.9378257
  5065.000  0.9429774
  5070.000  0.9443600
  5075.000  0.9367785
  5080.000  0.9309127
  5085.000  0.9273140
  5090.000  0.9114794
  5095.000  0.9184143
  5100.000  0.9432780
  5105.000  0.9434688
  5110.000  0.9460164
  5115.000  0.9529100
  5120.000  0.9416340
  5125.000  0.9506829
  5130.000  0.9540099
  5135.000  0.9552715
  5140.000  0.9790334
  5145.000  0.9852125
  5150.000  0.9884367
  5155.000  0.9891537
  5160.000  0.9709763
  5165.000  0.9714798
  5170.000  0.9725505
  5175.000  0.9839622
  5180.000  0.9688074
  5185.000  0.9723956
  5190.000  0.9885284
  5195.000  0.9740408
  5200.000  0.9559550
  5205.000  0.9659977
  5210.000  0.9837904
  5215.000  0.9721755
  5220.000  0.9802132
  5225.000  0.9794829
  5230.000  0.9777020
  5235.000  0.9768582
  5240.000  0.9755323
  5245.000  0.9729813
  5250.000  0.9682763
  5255.000  0.9553879
  5260.000  0.9540988
  5265.000  0.9605864
  5270.000  0.9735209
  5275.000  0.9574172
  5280.000  0.9550412
  5285.000  0.9823370
  5290.000  0.9731248
  5295.000  0.9763446
  5300.000  0.9805808
  5305.000  0.9787487
  5310.000  0.9766733
  5315.000  0.9758905
  5320.000  0.9661004
  5325.000  0.9632642
  5330.000  0.9778459
  5335.000  0.9656711
  5340.000  0.9776300
  5345.000  0.9801982
  5350.000  0.9500758
  5355.000  0.9435638
  5360.000  0.9601746
  5365.000  0.9679175
  5370.000  0.9492202
  5375.000  0.9550901
  5380.000  0.9686567
  5385.000  0.9705176
  5390.000  0.9670321
  5395.000  0.9652174
  5400.000  0.9712459
  5405.000  0.9992967
  5410.000  1.0000000
  5415.000  0.9741715
  5420.000  0.9628226
  5425.000  0.9594862
  5430.000  0.9523696
  5435.000  0.9459938
  5440.000  0.9616801
  5445.000  0.9591671
  5450.000  0.9560466
  5455.000  0.9706453
  5460.000  0.9611994
  5465.000  0.9471559
  5470.000  0.9370635
  5475.000  0.9462060
  5480.000  0.9476265
  5485.000  0.9434324
  5490.000  0.9337717
  5495.000  0.9294517
  5500.000  0.9515949
  5505.000  0.9467997
  5510.000  0.9429728
  5515.000  0.9454681
  5520.000  0.9402859
  5525.000  0.9367998
  5530.000  0.9513665
  5535.000  0.9663371
  5540.000  0.9604988
  5545.000  0.9464943
  5550.000  0.9419918
  5555.000  0.9341740
  5560.000  0.9470208
  5565.000  0.9465471
  5570.000  0.9306588
  5575.000  0.9304695
  5580.000  0.9337759
  5585.000  0.9299611
  5590.000  0.9355609
  5595.000  0.9406837
  5600.000  0.9113136
  5605.000  0.9173365
  5610.000  0.9416757
  5615.000  0.9399043
  5620.000  0.9371760
  5625.000  0.9384223
  5630.000  0.9367616
  5635.000  0.9397668
  5640.000  0.9399523
  5645.000  0.9203856
  5650.000  0.9178171
  5655.000  0.9224679
  5660.000  0.9100580
  5665.000  0.9187785
  5670.000  0.9297372
  5675.000  0.9076138
  5680.000  0.8875923
  5685.000  0.8873425
  5690.000  0.8925080
  5695.000  0.8941677
  5700.000  0.8872118
  5705.000  0.8872762
  5710.000  0.8910700
  5715.000  0.8939456
  5720.000  0.8969515
  5725.000  0.8987732
  5730.000  0.9021304
  5735.000  0.9078555
  5740.000  0.8965167
  5745.000  0.8840742
  5750.000  0.9042806
  5755.000  0.8908951
  5760.000  0.9045425
  5765.000  0.9151144
  5770.000  0.9035183
  5775.000  0.9050073
  5780.000  0.9333211
  5785.000  0.9135113
  5790.000  0.8975828
  5795.000  0.8952648
  5800.000  0.8880348
  5805.000  0.8968110
  5810.000  0.9154606
  5815.000  0.9087363
  5820.000  0.9009690
  5825.000  0.9097394
  5830.000  0.8806443
  5835.000  0.8730514
  5840.000  0.8801349
  5845.000  0.8816504
  5850.000  0.8742025
  5855.000  0.8722327
  5860.000  0.8660931
  5865.000  0.8571230
  5870.000  0.8701425
  5875.000  0.8823953
  5880.000  0.8691692
  5885.000  0.8586330
  5890.000  0.8913915
  5895.000  0.9017395
  5900.000  0.8773256
  5905.000  0.8494634
  5910.000  0.8348715
  5915.000  0.8440744
  5920.000  0.8505322
  5925.000  0.8271883
  5930.000  0.8494222
  5935.000  0.8568200
  5940.000  0.8602408
  5945.000  0.8483701
  5950.000  0.8433597
  5955.000  0.8531910
  5960.000  0.8546075
  5965.000  0.8607981
  5970.000  0.8546509
  5975.000  0.8619535
  5980.000  0.8784697
  5985.000  0.8668490
  5990.000  0.8508052
  5995.000  0.8542557
  6000.000  0.8495054
  6005.000  0.8544009
  6010.000  0.8640058
  6015.000  0.8626804
  6020.000  0.8486185
  6025.000  0.8524504
  6030.000  0.8496930
  6035.000  0.8299973
  6040.000  0.8338125
  6045.000  0.8440449
  6050.000  0.8416592
  6055.000  0.8471543
  6060.000  0.8476981
  6065.000  0.8365546
  6070.000  0.8354271
  6075.000  0.8412647
  6080.000  0.8362958
  6085.000  0.8303182
  6090.000  0.8182837
  6095.000  0.8218425
  6100.000  0.8305334
  6105.000  0.8301938
  6110.000  0.8279513
  6115.000  0.8316131
  6120.000  0.8487556
  6125.000  0.8468712
  6130.000  0.8309413
  6135.000  0.8258293
  6140.000  0.8311108
  6145.000  0.8103799
  6150.000  0.8109978
  6155.000  0.7990969
  6160.000  0.7999536
  6165.000  0.7956760
  6170.000  0.7943534
  6175.000  0.8034622
  6180.000  0.7996933
  6185.000  0.7874903
  6190.000  0.7869514
  6195.000  0.7828674
  6200.000  0.7901321
  6205.000  0.7947619
  6210.000  0.7993104
  6215.000  0.7825220
  6220.000  0.7739787
  6225.000  0.7780141
  6230.000  0.7749779
  6235.000  0.7638418
  6240.000  0.7573802
  6245.000  0.7597584
  6250.000  0.7449026
  6255.000  0.7465306
  6260.000  0.7548908
  6265.000  0.7604601
  6270.000  0.7645600
  6275.000  0.7732603
  6280.000  0.7960908
  6285.000  0.7854787
  6290.000  0.7678584
  6295.000  0.7477342
  6300.000  0.7537972
  6305.000  0.7485217
  6310.000  0.7388208
  6315.000  0.7180152
  6320.000  0.7326133
  6325.000  0.7404529
  6330.000  0.7346441
  6335.000  0.7277050
  6340.000  0.7095015
  6345.000  0.7142906
  6350.000  0.7250340
  6355.000  0.7342251
  6360.000  0.7484244
  6365.000  0.7371714
  6370.000  0.7258856
  6375.000  0.7293374
  6380.000  0.7421141
  6385.000  0.7386011
  6390.000  0.7275812
  6395.000  0.7308080
  6400.000  0.7333575
  6405.000  0.7352530
  6410.000  0.7343997
  6415.000  0.7151939
  6420.000  0.6882744
  6425.000  0.6840487
  6430.000  0.6983043
  6435.000  0.6960839
  6440.000  0.6958996
  6445.000  0.6899183
  6450.000  0.6609691
  6455.000  0.6537556
  6460.000  0.6789503
  6465.000  0.6732014
  6470.000  0.6638010
  6475.000  0.6611349
  6480.000  0.6538918
  6485.000  0.6586713
  6490.000  0.6660573
  6495.000  0.6684685
  6500.000  0.6661039
  6505.000  0.6605584
  6510.000  0.6438274
  6515.000  0.6497084
  6520.000  0.6602496
  6525.000  0.6610173
  6530.000  0.6575569
  6535.000  0.6582204
  6540.000  0.6540054
  6545.000  0.6441350
  6550.000  0.6369536
  6555.000  0.6409712
  6560.000  0.6420364
  6565.000  0.6146748
  6570.000  0.6135372
  6575.000  0.6176634
  6580.000  0.6152221
  6585.000  0.6166904
  6590.000  0.6147536
  6595.000  0.6130634
  6600.000  0.6102139
  6605.000  0.5968193
  6610.000  0.5928477
  6615.000  0.5966368
  6620.000  0.6085679
  6625.000  0.6088245
  6630.000  0.5982708
  6635.000  0.6112295
  6640.000  0.6178396
  6645.000  0.6183449
  6650.000  0.6067354
  6655.000  0.5910949
  6660.000  0.5972184
  6665.000  0.6086970
  6670.000  0.5948978
  6675.000  0.6236865
  6680.000  0.6300225
  6685.000  0.6105885
  6690.000  0.6094901
  6695.000  0.5867421
  6700.000  0.5678522
  6705.000  0.5668626
  6710.000  0.5798466
  6715.000  0.5901413
  6720.000  0.5994089
  6725.000  0.5891656
  6730.000  0.5761679
  6735.000  0.5907908
  6740.000  0.5788288
  6745.000  0.5556317
  6750.000  0.5583976
  6755.000  0.5621812
  6760.000  0.5530807
  6765.000  0.5513118
  6770.000  0.5566655
  6775.000  0.5549377
  6780.000  0.5652848
  6785.000  0.5784935
  6790.000  0.5613098
  6795.000  0.5487121
  6800.000  0.5519510
  6805.000  0.5471476
  6810.000  0.5468826
  6815.000  0.5416417
  6820.000  0.5288046
  6825.000  0.5207802
  6830.000  0.5298025
  6835.000  0.5226032
  6840.000  0.5217623
  6845.000  0.5193451
  6850.000  0.5101170
  6855.000  0.5116283
  6860.000  0.4770933
  6865.000  0.4226708
  6870.000  0.3961997
  6875.000  0.4212161
  6880.000  0.4648002
  6885.000  0.4623649
  6890.000  0.4593754
  6895.000  0.4742506
  6900.000  0.4756820
  6905.000  0.4773126
  6910.000  0.4809648
  6915.000  0.4918278
  6920.000  0.4964236
  6925.000  0.4901700
  6930.000  0.4811115
  6935.000  0.4730715
  6940.000  0.4712555
  6945.000  0.4588395
  6950.000  0.4718525
  6955.000  0.4627176
  6960.000  0.4775264
  6965.000  0.4843227
  6970.000  0.4870778
  6975.000  0.4735635
  6980.000  0.4420765
  6985.000  0.4218728
  6990.000  0.4346875
  6995.000  0.4439206
  7000.000  0.4455743
  7005.000  0.4357434
  7010.000  0.4365867
  7015.000  0.4467432
  7020.000  0.4422638
  7025.000  0.4376824
  7030.000  0.4432827
  7035.000  0.4554427
  7040.000  0.4593386
  7045.000  0.4515380
  7050.000  0.4271800
  7055.000  0.4244722
  7060.000  0.4290516
  7065.000  0.4332562
  7070.000  0.4411413
  7075.000  0.4525409
  7080.000  0.4506646
  7085.000  0.4395835
  7090.000  0.4362860
  7095.000  0.4305893
  7100.000  0.4260351
  7105.000  0.4231734
  7110.000  0.4257513
  7115.000  0.4204695
  7120.000  0.4316658
  7125.000  0.4269201
  7130.000  0.4177412
  7135.000  0.4029076
  7140.000  0.3950512
  7145.000  0.3998024
  7150.000  0.3958480
  7155.000  0.3777555
  7160.000  0.3558460
  7165.000  0.3478130
  7170.000  0.3181451
  7175.000  0.3204750
  7180.000  0.3182321
  7185.000  0.3146905
  7190.000  0.3060150
  7195.000  0.3101762
  7200.000  0.3409146
  7205.000  0.3659070
  7210.000  0.3712912
  7215.000  0.3698868
  7220.000  0.3400218
  7225.000  0.3283283
  7230.000  0.3127425
  7235.000  0.3128078
  7240.000  0.3178652
  7245.000  0.3315290
  7250.000  0.3517790
  7255.000  0.3456632
  7260.000  0.3108685
  7265.000  0.3150768
  7270.000  0.3152758
  7275.000  0.3147779
  7280.000  0.3332956
  7285.000  0.3209875
  7290.000  0.3186477
  7295.000  0.3213539
  7300.000  0.3215140
  7305.000  0.3243044
  7310.000  0.3282123
  7315.000  0.3484439
  7320.000  0.3418179
  7325.000  0.3544740
  7330.000  0.3529941
  7335.000  0.3531721
  7340.000  0.3508754
  7345.000  0.3385086
  7350.000  0.3353719
  7355.000  0.3284069
  7360.000  0.3350362
  7365.000  0.3489248
  7370.000  0.3552137
  7375.000  0.3535912
  7380.000  0.3475795
  7385.000  0.3529307
  7390.000  0.3482287
  7395.000  0.3416001
  7400.000  0.3367137
  7405.000  0.3246575
  7410.000  0.3237063
  7415.000  0.3302352
  7420.000  0.3503954
  7425.000  0.3248269
  7430.000  0.3314072
  7435.000  0.3249246
  7440.000  0.3344969
  7445.000  0.3297108
  7450.000  0.3273564
  7455.000  0.3360945
  7460.000  0.3411436
  7465.000  0.3332812
  7470.000  0.3213394
  7475.000  0.3279081
  7480.000  0.3438146
  7485.000  0.3218456
  7490.000  0.3032916
  7495.000  0.2950521
  7500.000  0.3062230
  7505.000  0.3167776
  7510.000  0.3038152
  7515.000  0.2957891
  7520.000  0.2911107
  7525.000  0.2908079
  7530.000  0.3087646
  7535.000  0.3198529
  7540.000  0.3006862
  7545.000  0.2995725
  7550.000  0.2903476
  7555.000  0.2647580
  7560.000  0.2699070
  7565.000  0.2587444
  7570.000  0.2361935
  7575.000  0.1962393
  7580.000  0.1378545
  7585.000  0.0993445
  7590.000  0.0881286
  7595.000  0.0950389
  7600.000  0.1146900
  7605.000  0.1252377
  7610.000  0.1292906
  7615.000  0.1114564
  7620.000  0.1051519
  7625.000  0.1161822
  7630.000  0.1475626
  7635.000  0.1912282
  7640.000  0.1988908
  7645.000  0.2093587
  7650.000  0.2332526
  7655.000  0.2320239
  7660.000  0.2292808
  7665.000  0.2404080
  7670.000  0.2290472
  7675.000  0.2319561
  7680.000  0.2232450
  7685.000  0.2548742
  7690.000  0.2510276
  7695.000  0.2189964
  7700.000  0.2313734
  7705.000  0.2343809
  7710.000  0.2324620
  7715.000  0.2216257
  7720.000  0.2129212
  7725.000  0.2189577
  7730.000  0.2366549
  7735.000  0.2417260
  7740.000  0.2291961
  7745.000  0.2407282
  7750.000  0.2116472
  7755.000  0.2425932
  7760.000  0.2413329
  7765.000  0.2405597
  7770.000  0.2215976
  7775.000  0.2183499
  7780.000  0.2129134
  7785.000  0.2023907
  7790.000  0.1918949
  7795.000  0.1950692
  7800.000  0.2015222
  7805.000  0.2053508
  7810.000  0.2302286
  7815.000  0.2236360
  7820.000  0.1931528
  7825.000  0.1992614
  7830.000  0.1862278
  7835.000  0.1864475
  7840.000  0.1747126
  7845.000  0.1659462
  7850.000  0.1824449
  7855.000  0.1921067
  7860.000  0.1776718
  7865.000  0.1796940
  7870.000  0.1916675
  7875.000  0.1694029
  7880.000  0.1803873
  7885.000  0.1964335
  7890.000  0.1834640
  7895.000  0.1713626
  7900.000  0.1977494
  7905.000  0.1804009
  7910.000  0.1628920
  7915.000  0.1592501
  7920.000  0.1469979
  7925.000  0.1512287
  7930.000  0.1440071
  7935.000  0.1199960
  7940.000  0.1348466
  7945.000  0.1524276
  7950.000  0.1616519
  7955.000  0.1457200
  7960.000  0.1524609
  7965.000  0.1426672
  7970.000  0.1438985
  7975.000  0.1647955
  7980.000  0.1596927
  7985.000  0.1487224
  7990.000  0.1301190
  7995.000  0.1205213
  8000.000  0.1297221
  8005.000  0.1420530
  8010.000  0.1469808
  8015.000  0.1310179
  8020.000  0.1419727
  8025.000  0.1257494
  8030.000  0.1356058
  8035.000  0.1337609
  8040.000  0.1351547
  8045.000  0.1035012
  8050.000  0.1220196
  8055.000  0.1447660
  8060.000  0.1397788
  8065.000  0.1421440
  8070.000  0.1460513
  8075.000  0.1207687
  8080.000  0.1011640
  8085.000  0.0907177
  8090.000  0.0995197
  8095.000  0.1016561
  8100.000  0.0881487
  8105.000  0.1095571
  8110.000  0.1052748
  8115.000  0.0964677
  8120.000  0.0805976
  8125.000  0.0836770
  8130.000  0.0849908
  8135.000  0.0782599
  8140.000  0.0854924
  8145.000  0.0946341
  8150.000  0.0927406
  8155.000  0.1095208
  8160.000  0.1170711
  8165.000  0.1309147
  8170.000  0.1274729
  8175.000  0.1483326
  8180.000  0.1264386
  8185.000  0.0986998
  8190.000  0.1092153
  8195.000  0.1145835
  8200.000  0.0963584
  8205.000  0.0896775
  8210.000  0.0965015
  8215.000  0.0820038
  8220.000  0.0769537
  8225.000  0.0709464
  8230.000  0.0878842
  8235.000  0.0979442
  8240.000  0.0833633
  8245.000  0.0898277
  8250.000  0.0983489
  8255.000  0.0759842
  8260.000  0.0758327
  8265.000  0.0790333
  8270.000  0.0825347
  8275.000  0.0920220
  8280.000  0.0758422
  8285.000  0.0853545
  8290.000  0.0828557
  8295.000  0.0742036
  8300.000  0.0758344
  8305.000  0.0988761
  8310.000  0.1062631
  8315.000  0.0878855
  8320.000  0.0894750
  8325.000  0.0898293
  8330.000  0.0809874
  8335.000  0.0814235
  8340.000  0.0904974
  8345.000  0.0941895
  8350.000  0.0972452
  8355.000  0.0966095
  8360.000  0.0849504
  8365.000  0.0761520
  8370.000  0.0800615
  8375.000  0.0919512
  8380.000  0.1100244
  8385.000  0.1085516
  8390.000  0.1048915
  8395.000  0.0864230
  8400.000  0.0778556
  8405.000  0.0814777
  8410.000  0.0708943
  8415.000  0.0505155
  8420.000  0.0476862
  8425.000  0.0760936
  8430.000  0.0522496
  8435.000  0.0467170
  8440.000  0.0635323
  8445.000  0.0269754
  8450.000  0.0423412
  8455.000  0.0596785
  8460.000  0.0615434
  8465.000  0.0502857
  8470.000  0.0519454
  8475.000  0.0539020
  8480.000  0.0453563
  8485.000  0.0601059
  8490.000  0.0422949
  8495.000  0.0507289
  8500.000  0.0520861
  8505.000  0.0854837
  8510.000  0.0881511
  8515.000  0.0780320
  8520.000  0.0682212
  8525.000  0.0656885
  8530.000  0.0456039
  8535.000  0.0580015
  8540.000  0.0880983
  8545.000  0.0929268
  8550.000  0.0932494
  8555.000  0.0768303
  8560.000  0.0738054
  8565.000  0.0720421
  8570.000  0.0645532
  8575.000  0.0539561
  8580.000  0.0826427
  8585.000  0.0646699
  8590.000  0.0635741
  8595.000  0.0491396
  8600.000  0.0490742
  8605.000  0.0710449
  8610.000  0.0761320
  8615.000  0.0514939
  8620.000  0.0247142
  8625.000  0.0189712
  8630.000  0.0397038
  8635.000  0.0493384
  8640.000  0.0885215
  8645.000  0.0920971
  8650.000  0.0793871
  8655.000  0.0715261
  8660.000  0.0751127
  8665.000  0.0710015
  8670.000  0.0546539
  8675.000  0.0508258
  8680.000  0.0442338
  8685.000  0.0245260
  8690.000  0.0493408
  8695.000  0.0672565
  8700.000  0.0465848
  8705.000  0.0189911
  8710.000  0.0835027
  8715.000  0.0681830
  8720.000  0.0511770
  8725.000  0.0282361
  8730.000  0.0111438
  8735.000  0.0073970
  8740.000  0.0095435
  8745.000  0.0310694
  8750.000  0.0586887
  8755.000  0.0519331
  8760.000  0.0628652
  8765.000  0.0492206
  8770.000  0.0831075
  8775.000  0.0671971
  8780.000  0.0496930
  8785.000  0.0722612
  8790.000  0.0797200
  8795.000  0.0567655
  8800.000  0.0426123
  8805.000  0.0355443
  8810.000  0.0242662
  8815.000  0.0146890
  8820.000  0.0218163
  8825.000  0.0458705
  8830.000  0.0302725
  8835.000  0.0451905
  8840.000  0.0050183
  8845.000  0.0246327
  8850.000  0.0483169
  8855.000  0.0300209
  8860.000  0.0313700
  8865.000  0.0551187
  8870.000  0.0431205
  8875.000  0.0428644
  8880.000  0.0516229
  8885.000  0.0447075
  8890.000  0.0601288
  8895.000  0.0366792
  8900.000  0.0226532
  8905.000  0.0019608
  8910.000  0.0608111
  8915.000  0.0821102
  8920.000  0.0332425
  8925.000  0.0250394
  8930.000  0.0481857
  8935.000  0.0301937
  8940.000  0.0109641
  8945.000  0.0069690
  8950.000  0.0025192
  8955.000  0.0116927
  8960.000  0.0256981
  8965.000  0.0314136
  8970.000  0.0137015
  8975.000  0.0121359
  8980.000  0.0136875
  8985.000  0.0146854
  8990.000  0.0264833
  8995.000  0.0397375
  9000.000  0.0165254
  9005.000  0.0154823
  9010.000  0.0174266
  9015.000  0.0036841
  9020.000  0.0000000
  9025.000  0.0042861
  9030.000  0.0161792
  9035.000  0.0150448
  9040.000  0.0000000
  9045.000  0.0000000
  9050.000  0.0082531
  9055.000  0.0023016
  9060.000  0.0004408
  9065.000  0.0151448
  9070.000  0.0092026
  9075.000  0.0097320
  9080.000  0.0384446
  9085.000  0.0553937
  9090.000  0.0479458
  9095.000  0.0495392
  9100.000  0.0171950
  9105.000  0.0154172
  9110.000  0.0001532
  9115.000  0.0344153
  9120.000  0.0237010
  9125.000  0.0242200
  9130.000  0.0301564
  9135.000  0.0355349
  9140.000  0.0161956
  9145.000  0.0065983
  9150.000  0.0157767
  9155.000  0.0287322
  9160.000  0.0366626
  9165.000  0.0092410
  9170.000  0.0178497
  9175.000  0.0000000
  9180.000  0.0000000
  9185.000  0.0000000
  9190.000  0.0000000
  9195.000  0.0000000
  9200.000  0.0000000
  9205.000  0.0342439
  9210.000  0.0525309
  9215.000  0.0440500
  9220.000  0.0308289
  9225.000  0.0208171
  9230.000  0.0341835
  9235.000  0.0547735
  9240.000  0.0449427
  9245.000  0.0254444
  9250.000  0.0107080
  9255.000  0.0028454
  9260.000  0.0076015
  9265.000  0.0025818
  9270.000  0.0045827
  9275.000  0.0140262
  9280.000  0.0109506
  9285.000  0.0013769
  9290.000  0.0029250
  9295.000  0.0062109
  9300.000  0.0000000
  9305.000  0.0000000
  9310.000  0.0000000
  9315.000  0.0000000
  9320.000  0.0100063
  9325.000  0.0360441
  9330.000  0.0280156
  9335.000  0.0089772
  9340.000  0.0077544
  9345.000  0.0054544
  9350.000  0.0000000
  9355.000  0.0095949
  9360.000  0.0184357
  9365.000  0.0115904
  9370.000  0.0252211
  9375.000  0.0000000
  9380.000  0.0000000
  9385.000  0.0000000
  9390.000  0.0085177
  9395.000  0.0048737
  9400.000  0.0010491
  9405.000  0.0000000
  9410.000  0.0000000
  9415.000  0.0018597
  9420.000  0.0112642
  9425.000  0.0281896
  9430.000  0.0485238
  9435.000  0.0550045
  9440.000  0.0000570
  9445.000  0.0025531
  9450.000  0.0354289
  9455.000  0.0473838
  9460.000  0.0585576
  9465.000  0.0300523
  9470.000  0.0065881
  9475.000  0.0049801
  9480.000  0.0236583
  9485.000  0.0449866
  9490.000  0.0338808
  9495.000  0.0000000
  9500.000  0.0078063
  9505.000  0.0316673
  9510.000  0.0329205
  9515.000  0.0000000
  9520.000  0.0000000
  9525.000  0.0000000
  9530.000  0.0000000
  9535.000  0.0000000
  9540.000  0.0000000
  9545.000  0.0000000
  9550.000  0.0000000
  9555.000  0.0167536
  9560.000  0.0415602
  9565.000  0.0423179
  9570.000  0.0177843
  9575.000  0.0208272
  9580.000  0.0324966
  9585.000  0.0464907
  9590.000  0.0038949
  9595.000  0.0000000
  9600.000  0.0000000
  9605.000  0.0080504
  9610.000  0.0177939
  9615.000  0.0098434
  9620.000  0.0000000
  9625.000  0.0322456
  9630.000  0.0644234
  9635.000  0.0359720
  9640.000  0.0486691
  9645.000  0.0311292
  9650.000  0.0017097
  9655.000  0.0505666
  9660.000  0.0117438
  9665.000  0.0343938
  9670.000  0.0704156
  9675.000  0.0286353
  9680.000  0.0348210
  9685.000  0.0590182
  9690.000  0.0364609
  9695.000  0.0032290
  9700.000  0.0040507
  9705.000  0.0107169
  9710.000  0.0032767
  9715.000  0.0221320
  9720.000  0.0128320
  9725.000  0.0009570
  9730.000  0.0608294
  9735.000  0.0509406
  9740.000  0.0831555
  9745.000  0.0686934
  9750.000  0.0435896
  9755.000  0.0297656
  9760.000  0.0202286
  9765.000  0.0123432
  9770.000  0.0042141
  9775.000  0.0132799
  9780.000  0.0000000
  9785.000  0.0000000
  9790.000  0.0000000
  9795.000  0.0000000
  9800.000  0.0208450
  9805.000  0.0396787
  9810.000  0.0298425
  9815.000  0.0543774
  9820.000  0.0356995
  9825.000  0.0011722
  9830.000  0.0091467
  9835.000  0.0341429
  9840.000  0.0590805
  9845.000  0.0382833
  9850.000  0.0611505
  9855.000  0.0218769
  9860.000  0.0014944
  9865.000  0.0000000
  9870.000  0.0119834
  9875.000  0.0045032
  9880.000  0.0000000
  9885.000  0.0105624
  9890.000  0.0137973
  9895.000  0.0052608
  9900.000  0.0000000
  9905.000  0.0000000
  9910.000  0.0000000
  9915.000  0.0000000
  9920.000  0.0000000
  9925.000  0.0000000
  9930.000  0.0000000
  9935.000  0.0000000
  9940.000  0.0015683
  9945.000  0.0006736
  9950.000  0.0000000
  9955.000  0.0000000
  9960.000  0.0073513
  9965.000  0.0109687
  9970.000  0.0020538
  9975.000  0.0000000
  9980.000  0.0000000
  9985.000  0.0000000
  9990.000  0.0000000
  9995.000  0.0000000
 10000.000  0.0000000
 10005.000  0.0000000
 10010.000  0.0000000
 10015.000  0.0000000
 10020.000  0.0000000
 10025.000  0.0000000
 10030.000  0.0000000
 10035.000  0.0000000
 10040.000  0.0000000
 10045.000  0.0000000
 10050.000  0.0000000
 10055.000  0.0000000
 10060.000  0.0000000
 10065.000  0.0000000
 10070.000  0.0000000
 10075.000  0.0000000
 10080.000  0.0000000
 10085.000  0.0000000
 10090.000  0.0000000
 10095.000  0.0000000
 10100.000  0.0000000
 10105.000  0.0000000
 10110.000  0.0000000
 10115.000  0.0000000
 10120.000  0.0000000
 10125.000  0.0000000
 10130.000  0.0000000
 10135.000  0.0000000
 10140.000  0.0000000
 10145.000  0.0000000
 10150.000  0.0000000
 10155.000  0.0000000
 10160.000  0.0000000
 10165.000  0.0000000
 10170.000  0.0000000
 10175.000  0.0000000
 10180.000  0.0000000
 10185.000  0.0000000
 10190.000  0.0000000
 10195.000  0.0000000
 10200.000  0.0000000
 10205.000  0.0000000
 10210.000  0.0000000
 10215.000  0.0000000
 10220.000  0.0000000
 10225.000  0.0000000
 10230.000  0.0000000
 10235.000  0.0000000
 10240.000  0.0000000
 10245.000  0.0000000
 10250.000  0.0000000
 10255.000  0.0000000
 10260.000  0.0000000
 10265.000  0.0000000
 10270.000  0.0000000
 10275.000  0.0000000
 10280.000  0.0000000
 10285.000  0.0000000
 10290.000  0.0000000
 10295.000  0.0000000
 10300.000  0.0000000
 10305.000  0.0000000
 10310.000  0.0000000
 10315.000  0.0000000
 10320.000  0.0000000
 10325.000  0.0000000
 10330.000  0.0000000
 10335.000  0.0000000
 10340.000  0.0000000
 10345.000  0.0000000
 10350.000  0.0000000
 10355.000  0.0000000
 10360.000  0.0000000
 10365.000  0.0000000
 10370.000  0.0000000
 10375.000  0.0000000
 10380.000  0.0000000
 10385.000  0.0000000
 10390.000  0.0000000
 10395.000  0.0000000
 10400.000  0.0000000
 10405.000  0.0000000
 10410.000  0.0000000
 10415.000  0.0000000
 10420.000  0.0000000
 10425.000  0.0000000
 10430.000  0.0000000
 10435.000  0.0000000
 10440.000  0.0000000
 10445.000  0.0000000
 10450.000  0.0000000
 10455.000  0.0000000
 10460.000  0.0000000
 10465.000  0.0000000
 10470.000  0.0000000
 10475.000  0.0000000
 10480.000  0.0000000
 10485.000  0.0000000
 10490.000  0.0000000
 10495.000  0.0000000
 10500.000  0.0000000
 10505.000  0.0000000
 10510.000  0.0000000
 10515.000  0.0000000
 10520.000  0.0000000
 10525.000  0.0000000
 10530.000  0.0000000
 10535.000  0.0000000
 10540.000  0.0000000
 10545.000  0.0000000
 10550.000  0.0000000
 10555.000  0.0000000
 10560.000  0.0000000
 10565.000  0.0000000
 10570.000  0.0000000
 10575.000  0.0000000
 10580.000  0.0000000
 10585.000  0.0000000
 10590.000  0.0000000
 10595.000  0.0000000
 10600.000  0.0000000
 10605.000  0.0000000
 10610.000  0.0000000
 10615.000  0.0000000
 10620.000  0.0000000
