   115.000  0.0000000
   115.500  0.0000000
   116.000  0.0000000
   116.500  0.0000000
   117.000  0.0000000
   117.500  0.0000000
   118.000  0.0000000
   118.500  0.0000000
   119.000  0.0000000
   119.500  0.0000000
   120.000  0.0000000
   120.500  0.0000000
   121.000  0.0000000
   121.500  0.0000000
   122.000  0.0000000
   122.500  0.0000000
   123.000  0.0000000
   123.500  0.0000000
   124.000  0.0000000
   124.500  0.0000000
   125.000  0.0000000
   125.500  0.0000000
   126.000  0.0000000
   126.500  0.0000000
   127.000  0.0000000
   127.500  0.0000000
   128.000  0.0000000
   128.500  0.0000000
   129.000  0.0000000
   129.500  0.0000000
   130.000  0.0000000
   130.500  0.0000000
   131.000  0.0000000
   131.500  0.0000000
   132.000  0.0000000
   132.500  0.0000000
   133.000  0.0000000
   133.500  0.0000000
   134.000  0.0000000
   134.500  0.0000000
   135.000  0.0000000
   135.500  0.0000000
   136.000  0.0000000
   136.500  0.0000000
   137.000  0.0000000
   137.500  0.0000000
   138.000  0.0000000
   138.500  0.0000000
   139.000  0.0000000
   139.500  0.0000000
   140.000  0.0000000
   140.500  0.0000000
   141.000  0.0000000
   141.500  0.0000000
   142.000  0.0000000
   142.500  0.0000000
   143.000  0.0000000
   143.500  0.0000000
   144.000  0.0000000
   144.500  0.0000000
   145.000  0.0000000
   145.500  0.0000000
   146.000  0.0000000
   146.500  0.0000000
   147.000  0.0000000
   147.500  0.0000000
   148.000  0.0000000
   148.500  0.0000000
   149.000  0.0000000
   149.500  0.0000000
   150.000  0.0000000
   150.500  0.0000000
   151.000  0.0000000
   151.500  0.0000000
   152.000  0.0000000
   152.500  0.0000000
   153.000  0.0000000
   153.500  0.0000000
   154.000  0.0000000
   154.500  0.0000000
   155.000  0.0000000
   155.500  0.0000000
   156.000  0.0000000
   156.500  0.0000000
   157.000  0.0000000
   157.500  0.0000000
   158.000  0.0000000
   158.500  0.0000000
   159.000  0.0000000
   159.500  0.0000000
   160.000  0.0000000
   160.500  0.0000000
   161.000  0.0000000
   161.500  0.0000000
   162.000  0.0000000
   162.500  0.0000000
   163.000  0.0000000
   163.500  0.0000000
   164.000  0.0000000
   164.500  0.0000000
   165.000  0.0000000
   165.500  0.0000000
   166.000  0.0000000
   166.500  0.0000000
   167.000  0.0000000
   167.500  0.0000000
   168.000  0.0000000
   168.500  0.0000000
   169.000  0.0000000
   169.500  0.0000000
   170.000  0.0000000
   170.500  0.0000000
   171.000  0.0000000
   171.500  0.0000000
   172.000  0.0000000
   172.500  0.0000000
   173.000  0.0000000
   173.500  0.0000000
   174.000  0.0000000
   174.500  0.0000000
   175.000  0.0000000
   175.500  0.0000000
   176.000  0.0000000
   176.500  0.0000000
   177.000  0.0000000
   177.500  0.0000000
   178.000  0.0000000
   178.500  0.0000000
   179.000  0.0000000
   179.500  0.0000000
   180.000  0.0000000
   180.500  0.0000000
   181.000  0.0000000
   181.500  0.0000000
   182.000  0.0000000
   182.500  0.0000000
   183.000  0.0000000
   183.500  0.0000000
   184.000  0.0000000
   184.500  0.0000000
   185.000  0.0000000
   185.500  0.0000000
   186.000  0.0000000
   186.500  0.0000000
   187.000  0.0000000
   187.500  0.0000000
   188.000  0.0000000
   188.500  0.0000000
   189.000  0.0000000
   189.500  0.0000000
   190.000  0.0000000
   190.500  0.0000000
   191.000  0.0000000
   191.500  0.0000000
   192.000  0.0000000
   192.500  0.0000000
   193.000  0.0000000
   193.500  0.0000000
   194.000  0.0000000
   194.500  0.0000000
   195.000  0.0000000
   195.500  0.0000000
   196.000  0.0000000
   196.500  0.0000000
   197.000  0.0000000
   197.500  0.0000000
   198.000  0.0000000
   198.500  0.0000000
   199.000  0.0000000
   199.500  0.0000000
   200.000  0.0000000
   200.500  0.0000000
   201.000  0.0000000
   201.500  0.0000000
   202.000  0.0000000
   202.500  0.0000000
   203.000  0.0000000
   203.500  0.0000000
   204.000  0.0000000
   204.500  0.0000000
   205.000  0.0000000
   205.500  0.0000000
   206.000  0.0000000
   206.500  0.0000000
   207.000  0.0000000
   207.500  0.0000000
   208.000  0.0000000
   208.500  0.0000000
   209.000  0.0000000
   209.500  0.0000000
   210.000  0.0000000
   210.500  0.0000000
   211.000  0.0000000
   211.500  0.0000000
   212.000  0.0000000
   212.500  0.0000000
   213.000  0.0000000
   213.500  0.0000000
   214.000  0.0000000
   214.500  0.0000000
   215.000  0.0000000
   215.500  0.0000000
   216.000  0.0000000
   216.500  0.0000000
   217.000  0.0000000
   217.500  0.0000000
   218.000  0.0000000
   218.500  0.0000000
   219.000  0.0000000
   219.500  0.0000000
   220.000  0.0000000
   220.500  0.0000000
   221.000  0.0000000
   221.500  0.0000000
   222.000  0.0000000
   222.500  0.0000000
   223.000  0.0000000
   223.500  0.0000000
   224.000  0.0000000
   224.500  0.0000000
   225.000  0.0000000
   225.500  0.0000000
   226.000  0.0000000
   226.500  0.0000000
   227.000  0.0000000
   227.500  0.0000000
   228.000  0.0000000
   228.500  0.0000000
   229.000  0.0000000
   229.500  0.0000000
   230.000  0.0000000
   230.500  0.0000000
   231.000  0.0000000
   231.500  0.0000000
   232.000  0.0000000
   232.500  0.0000000
   233.000  0.0000000
   233.500  0.0000000
   234.000  0.0000000
   234.500  0.0000000
   235.000  0.0000000
   235.500  0.0000000
   236.000  0.0000000
   236.500  0.0000000
   237.000  0.0000000
   237.500  0.0000000
   238.000  0.0000000
   238.500  0.0000000
   239.000  0.0000000
   239.500  0.0000000
   240.000  0.0000000
   240.500  0.0000000
   241.000  0.0000000
   241.500  0.0000000
   242.000  0.0000000
   242.500  0.0000000
   243.000  0.0000000
   243.500  0.0000000
   244.000  0.0000000
   244.500  0.0000000
   245.000  0.0000000
   245.500  0.0000000
   246.000  0.0000000
   246.500  0.0000000
   247.000  0.0000000
   247.500  0.0000000
   248.000  0.0000000
   248.500  0.0000000
   249.000  0.0000000
   249.500  0.0000000
   250.000  0.0000000
   250.500  0.0000000
   251.000  0.0000000
   251.500  0.0000000
   252.000  0.0000000
   252.500  0.0000000
   253.000  0.0000000
   253.500  0.0000000
   254.000  0.0000000
   254.500  0.0000000
   255.000  0.0000000
   255.500  0.0000000
   256.000  0.0000000
   256.500  0.0000000
   257.000  0.0000000
   257.500  0.0000000
   258.000  0.0000000
   258.500  0.0000000
   259.000  0.0000000
   259.500  0.0000000
   260.000  0.0000000
   260.500  0.0000000
   261.000  0.0000000
   261.500  0.0000000
   262.000  0.0000000
   262.500  0.0000000
   263.000  0.0000000
   263.500  0.0000000
   264.000  0.0000000
   264.500  0.0000000
   265.000  0.0000000
   265.500  0.0000000
   266.000  0.0000000
   266.500  0.0000000
   267.000  0.0000000
   267.500  0.0000000
   268.000  0.0000000
   268.500  0.0000000
   269.000  0.0000000
   269.500  0.0000000
   270.000  0.0000000
   270.500  0.0000000
   271.000  0.0000000
   271.500  0.0000000
   272.000  0.0000000
   272.500  0.0000000
   273.000  0.0000000
   273.500  0.0000000
   274.000  0.0000000
   274.500  0.0000000
   275.000  0.0000000
   275.500  0.0000000
   276.000  0.0000000
   276.500  0.0000000
   277.000  0.0000000
   277.500  0.0000000
   278.000  0.0000000
   278.500  0.0000000
   279.000  0.0000000
   279.500  0.0000000
   280.000  0.0000000
   280.500  0.0000000
   281.000  0.0000000
   281.500  0.0000000
   282.000  0.0000000
   282.500  0.0000000
   283.000  0.0000000
   283.500  0.0000000
   284.000  0.0000000
   284.500  0.0000000
   285.000  0.0000000
   285.500  0.0000000
   286.000  0.0000000
   286.500  0.0000000
   287.000  0.0000000
   287.500  0.0000000
   288.000  0.0000000
   288.500  0.0000000
   289.000  0.0000000
   289.500  0.0000000
   290.000  0.0000000
   290.500  0.0000000
   291.000  0.0000000
   291.500  0.0000000
   292.000  0.0000000
   292.500  0.0000000
   293.000  0.0000000
   293.500  0.0000000
   294.000  0.0000000
   294.500  0.0000000
   295.000  0.0000000
   295.500  0.0000000
   296.000  0.0000000
   296.500  0.0000000
   297.000  0.0000000
   297.500  0.0000000
   298.000  0.0000000
   298.500  0.0000000
   299.000  0.0000000
   299.500  0.0000000
   300.000  0.0000000
   300.500  0.0000000
   301.000  0.0000000
   301.500  0.0000000
   302.000  0.0000000
   302.500  0.0000000
   303.000  0.0000000
   303.500  0.0000000
   304.000  0.0000000
   304.500  0.0000000
   305.000  0.0000000
   305.500  0.0000000
   306.000  0.0000000
   306.500  0.0000000
   307.000  0.0000000
   307.500  0.0000000
   308.000  0.0000000
   308.500  0.0000000
   309.000  0.0000000
   309.500  0.0000000
   310.000  0.0000000
   310.500  0.0000000
   311.000  0.0000000
   311.500  0.0000000
   312.000  0.0000000
   312.500  0.0000000
   313.000  0.0000000
   313.500  0.0000000
   314.000  0.0000000
   314.500  0.0000000
   315.000  0.0000000
   315.500  0.0000000
   316.000  0.0000000
   316.500  0.0000000
   317.000  0.0000000
   317.500  0.0000000
   318.000  0.0000000
   318.500  0.0000000
   319.000  0.0000000
   319.500  0.0000000
   320.000  0.0000000
   320.500  0.0000000
   321.000  0.0000000
   321.500  0.0000000
   322.000  0.0000000
   322.500  0.0000000
   323.000  0.0000000
   323.500  0.0000000
   324.000  0.0000000
   324.500  0.0000000
   325.000  0.0000000
   325.500  0.0000000
   326.000  0.0000000
   326.500  0.0000000
   327.000  0.0000000
   327.500  0.0000000
   328.000  0.0000000
   328.500  0.0000000
   329.000  0.0000000
   329.500  0.0000000
   330.000  0.0000000
   330.500  0.0000000
   331.000  0.0000000
   331.500  0.0000000
   332.000  0.0000000
   332.500  0.0000000
   333.000  0.0000000
   333.500  0.0000000
   334.000  0.0000000
   334.500  0.0000000
   335.000  0.0000000
   335.500  0.0000000
   336.000  0.0000000
   336.500  0.0000000
   337.000  0.0000000
   337.500  0.0000000
   338.000  0.0000000
   338.500  0.0000000
   339.000  0.0000000
   339.500  0.0000000
   340.000  0.0000000
   340.500  0.0000000
   341.000  0.0000000
   341.500  0.0000000
   342.000  0.0000000
   342.500  0.0000000
   343.000  0.0000000
   343.500  0.0000000
   344.000  0.0000000
   344.500  0.0000000
   345.000  0.0000000
   345.500  0.0000000
   346.000  0.0000000
   346.500  0.0000000
   347.000  0.0000000
   347.500  0.0000000
   348.000  0.0000000
   348.500  0.0000000
   349.000  0.0000000
   349.500  0.0000000
   350.000  0.0000000
   350.500  0.0000000
   351.000  0.0000000
   351.500  0.0000000
   352.000  0.0000000
   352.500  0.0000000
   353.000  0.0000000
   353.500  0.0000000
   354.000  0.0000000
   354.500  0.0000000
   355.000  0.0000000
   355.500  0.0000000
   356.000  0.0000000
   356.500  0.0000000
   357.000  0.0000000
   357.500  0.0000000
   358.000  0.0000000
   358.500  0.0000000
   359.000  0.0000000
   359.500  0.0000000
   360.000  0.0000000
   360.500  0.0000000
   361.000  0.0000000
   361.500  0.0000000
   362.000  0.0000000
   362.500  0.0000000
   363.000  0.0000000
   363.500  0.0000000
   364.000  0.0000000
   364.500  0.0000000
   365.000  0.0000000
   365.500  0.0000000
   366.000  0.0000000
   366.500  0.0000000
   367.000  0.0000000
   367.500  0.0000000
   368.000  0.0000000
   368.500  0.0000000
   369.000  0.0000000
   369.500  0.0000000
   370.000  0.0000000
   370.500  0.0000000
   371.000  0.0000000
   371.500  0.0000000
   372.000  0.0000000
   372.500  0.0000000
   373.000  0.0000000
   373.500  0.0000000
   374.000  0.0000000
   374.500  0.0000000
   375.000  0.0000000
   375.500  0.0000000
   376.000  0.0000000
   376.500  0.0000000
   377.000  0.0000000
   377.500  0.0000000
   378.000  0.0000000
   378.500  0.0000000
   379.000  0.0000000
   379.500  0.0000000
   380.000  0.0000000
   380.500  0.0000000
   381.000  0.0000000
   381.500  0.0000000
   382.000  0.0000000
   382.500  0.0000000
   383.000  0.0000000
   383.500  0.0000000
   384.000  0.0000000
   384.500  0.0000000
   385.000  0.0000000
   385.500  0.0000000
   386.000  0.0000000
   386.500  0.0000000
   387.000  0.0000000
   387.500  0.0000000
   388.000  0.0000000
   388.500  0.0000000
   389.000  0.0000000
   389.500  0.0000000
   390.000  0.0000000
   390.500  0.0000000
   391.000 193.4425958
   391.500 198.5672567
   392.000 203.6919177
   392.500 208.8165786
   393.000 211.3866343
   393.500 213.1937106
   394.000 215.0007869
   394.500 222.1758359
   395.000 234.9523890
   395.500 247.7289421
   396.000 260.9061451
   396.500 275.6025182
   397.000 290.2988913
   397.500 304.9952644
   398.000 317.1895643
   398.500 329.1896756
   399.000 341.1897869
   399.500 357.2657318
   400.000 375.5623717
   400.500 393.8590116
   401.000 412.8750378
   401.500 433.1337276
   402.000 453.3924173
   402.500 473.7045175
   403.000 494.5847112
   403.500 515.4649048
   404.000 536.3450985
   404.500 561.6817968
   405.000 588.0961414
   405.500 614.5104861
   406.000 637.5992236
   406.500 657.6743621
   407.000 677.7495006
   407.500 697.7524117
   408.000 717.5314105
   408.500 737.3104094
   409.000 757.0894082
   409.500 772.0410797
   410.000 786.8084869
   410.500 801.5758941
   411.000 819.0893247
   411.500 837.8795187
   412.000 856.6697127
   412.500 872.0845175
   413.000 882.4751997
   413.500 892.8658818
   414.000 903.0341417
   414.500 911.5895261
   415.000 920.1449105
   415.500 928.7002950
   416.000 943.4257533
   416.500 959.3218548
   417.000 975.2179564
   417.500 993.9359201
   418.000 1014.8731713
   418.500 1035.8104226
   419.000 1052.5259817
   419.500 1058.3425160
   420.000 1064.1590504
   420.500 1069.9755847
   421.000 1086.2234488
   421.500 1102.4866151
   422.000 1118.7497815
   422.500 1131.0511649
   423.000 1141.7947859
   423.500 1152.5384068
   424.000 1163.5288643
   424.500 1174.8371873
   425.000 1186.1455103
   425.500 1198.4035574
   426.000 1215.7825231
   426.500 1233.1614887
   427.000 1250.5404544
   427.500 1270.6024040
   428.000 1291.0449019
   428.500 1311.4873998
   429.000 1331.4842771
   429.500 1351.1779803
   430.000 1370.8716836
   430.500 1396.7521389
   431.000 1436.1265988
   431.500 1475.5010586
   432.000 1514.4774026
   432.500 1542.0353206
   433.000 1569.5932386
   433.500 1597.1511566
   434.000 1619.1277646
   434.500 1639.2738541
   435.000 1659.4199436
   435.500 1686.1680506
   436.000 1720.2907104
   436.500 1754.4133703
   437.000 1788.0786498
   437.500 1819.8153822
   438.000 1851.5521146
   438.500 1883.2888470
   439.000 1912.4652528
   439.500 1941.3916366
   440.000 1970.3180203
   440.500 2010.4031674
   441.000 2057.0341905
   441.500 2103.6652136
   442.000 2148.7710835
   442.500 2191.0396574
   443.000 2233.3082313
   443.500 2275.8279308
   444.000 2321.7388882
   444.500 2367.6498456
   445.000 2413.5608030
   445.500 2449.4225019
   446.000 2482.5851425
   446.500 2515.7477830
   447.000 2545.0262138
   447.500 2570.5370061
   448.000 2596.0477985
   448.500 2621.6321181
   449.000 2647.4668859
   449.500 2673.3016538
   450.000 2699.1364216
   450.500 2728.0442058
   451.000 2757.1267481
   451.500 2786.2092905
   452.000 2809.7296011
   452.500 2830.4545133
   453.000 2851.1794256
   453.500 2875.2947883
   454.000 2904.8291957
   454.500 2934.3636031
   455.000 2963.3963763
   455.500 2988.1165987
   456.000 3012.8368211
   456.500 3037.5570435
   457.000 3058.1614111
   457.500 3077.8838448
   458.000 3097.6062785
   458.500 3123.9429158
   459.000 3155.8490975
   459.500 3187.7552793
   460.000 3220.2312551
   460.500 3254.3105065
   461.000 3288.3897578
   461.500 3322.4690092
   462.000 3352.9606235
   462.500 3383.3844121
   463.000 3413.8082007
   463.500 3445.7160104
   464.000 3478.2574658
   464.500 3510.7989212
   465.000 3542.8599486
   465.500 3574.2578468
   466.000 3605.6557451
   466.500 3636.3015664
   467.000 3662.3064230
   467.500 3688.3112795
   468.000 3714.3161361
   468.500 3729.1426074
   469.000 3742.1310126
   469.500 3755.1194179
   470.000 3772.8331421
   470.500 3793.9950721
   471.000 3815.1570020
   471.500 3842.0663124
   472.000 3882.5560555
   472.500 3923.0457986
   473.000 3963.3964455
   473.500 3995.5566721
   474.000 4027.7168987
   474.500 4059.8771253
   475.000 4085.9793110
   475.500 4109.9088974
   476.000 4133.8384838
   476.500 4157.2987991
   477.000 4180.1978607
   477.500 4203.0969223
   478.000 4224.0080001
   478.500 4235.5281025
   479.000 4247.0482048
   479.500 4258.5683072
   480.000 4269.3560718
   480.500 4280.0570437
   481.000 4290.7580156
   481.500 4303.3639097
   482.000 4317.1709972
   482.500 4330.9780846
   483.000 4344.2123541
   483.500 4356.2972878
   484.000 4368.3822215
   484.500 4381.2658841
   485.000 4408.7248256
   485.500 4436.1837672
   486.000 4463.6427088
   486.500 4488.5537579
   487.000 4512.7092783
   487.500 4536.8647987
   488.000 4560.5977898
   488.500 4583.8921040
   489.000 4607.1864183
   489.500 4631.0378465
   490.000 4656.9855772
   490.500 4682.9333079
   491.000 4708.8810387
   491.500 4739.3946421
   492.000 4770.2561445
   492.500 4801.1176469
   493.000 4829.4520917
   493.500 4856.4170322
   494.000 4883.3819726
   494.500 4913.1150194
   495.000 4947.6046257
   495.500 4982.0942320
   496.000 5015.9116292
   496.500 5042.6930334
   497.000 5069.4744376
   497.500 5096.2558418
   498.000 5123.7545717
   498.500 5151.4253590
   499.000 5179.0961463
   499.500 5210.2415378
   500.000 5244.5195565
   500.500 5278.7975752
   501.000 5309.3088814
   501.500 5328.2260305
   502.000 5347.1431797
   502.500 5366.0603288
   503.000 5390.9691840
   503.500 5416.0988753
   504.000 5441.2285665
   504.500 5466.5416496
   505.000 5491.9395403
   505.500 5517.3374310
   506.000 5541.3978457
   506.500 5563.4779666
   507.000 5585.5580875
   507.500 5606.2654963
   508.000 5617.1362359
   508.500 5628.0069755
   509.000 5638.8777152
   509.500 5658.2931543
   510.000 5679.3144427
   510.500 5700.3357310
   511.000 5719.7248467
   511.500 5737.8374250
   512.000 5755.9500032
   512.500 5771.1969910
   513.000 5779.0888602
   513.500 5786.9807294
   514.000 5794.8725986
   514.500 5798.5303790
   515.000 5802.1869183
   515.500 5805.8434577
   516.000 5810.4135751
   516.500 5815.3406618
   517.000 5820.2677484
   517.500 5824.1860360
   518.000 5826.8119196
   518.500 5829.4378033
   519.000 5832.0547788
   519.500 5834.6241795
   520.000 5837.1935802
   520.500 5839.7629809
   521.000 5861.5609828
   521.500 5886.0545425
   522.000 5910.5481022
   522.500 5940.5224242
   523.000 5974.2074367
   523.500 6007.8924493
   524.000 6038.5340609
   524.500 6062.5766150
   525.000 6086.6191692
   525.500 6110.8892618
   526.000 6141.4401698
   526.500 6171.9910778
   527.000 6202.5419857
   527.500 6233.5294749
   528.000 6264.6591753
   528.500 6295.7888756
   529.000 6321.2950912
   529.500 6340.5517019
   530.000 6359.8083126
   530.500 6378.2856850
   531.000 6393.5041385
   531.500 6408.7225919
   532.000 6423.9410454
   532.500 6450.7375538
   533.000 6478.6483621
   533.500 6506.5591703
   534.000 6536.2532283
   534.500 6566.9876760
   535.000 6597.7221237
   535.500 6622.3586113
   536.000 6635.7139621
   536.500 6649.0693130
   537.000 6661.8170202
   537.500 6666.5183036
   538.000 6671.2195870
   538.500 6675.9208703
   539.000 6680.8226839
   539.500 6685.7779475
   540.000 6690.7332111
   540.500 6694.2229498
   541.000 6696.2983491
   541.500 6698.3737485
   542.000 6696.9887700
   542.500 6683.9018763
   543.000 6670.8149826
   543.500 6657.7280890
   544.000 6663.4878556
   544.500 6670.2927150
   545.000 6677.0975744
   545.500 6689.5128939
   546.000 6704.7318010
   546.500 6719.9507082
   547.000 6732.8964356
   547.500 6742.2283015
   548.000 6751.5601674
   548.500 6761.6633211
   549.000 6778.3081354
   549.500 6794.9529498
   550.000 6811.5977641
   550.500 6828.4871372
   551.000 6845.4284566
   551.500 6862.3697761
   552.000 6878.5196181
   552.500 6894.0063917
   553.000 6909.4931653
   553.500 6923.8794055
   554.000 6935.1876632
   554.500 6946.4959208
   555.000 6957.8041785
   555.500 6964.8671188
   556.000 6971.8553872
   556.500 6978.8436556
   557.000 6970.4296472
   557.500 6955.4789380
   558.000 6940.5282288
   558.500 6930.0750290
   559.000 6925.7974340
   559.500 6921.5198390
   560.000 6917.4468484
   560.500 6914.6232089
   561.000 6911.7995695
   561.500 6908.9759301
   562.000 6894.9942454
   562.500 6879.1970186
   563.000 6863.3997919
   563.500 6852.5665232
   564.000 6845.3382338
   564.500 6838.1099444
   565.000 6837.6314814
   565.500 6853.0056202
   566.000 6868.3797590
   566.500 6883.5235612
   567.000 6886.0790026
   567.500 6888.6344439
   568.000 6891.1898852
   568.500 6890.7577312
   569.000 6889.2611222
   569.500 6887.7645132
   570.000 6888.1568941
   570.500 6890.7969957
   571.000 6893.4370972
   571.500 6895.0312722
   572.000 6891.7278185
   572.500 6888.4243649
   573.000 6885.1209112
   573.500 6880.9578881
   574.000 6876.6942520
   574.500 6872.4306160
   575.000 6871.0127876
   575.500 6871.3798633
   576.000 6871.7469390
   576.500 6867.2070143
   577.000 6852.8774911
   577.500 6838.5479679
   578.000 6824.9375199
   578.500 6824.1187084
   579.000 6823.2998969
   579.500 6822.4810854
   580.000 6836.1901418
   580.500 6854.1762052
   581.000 6872.1622687
   581.500 6878.1344678
   582.000 6871.6968756
   582.500 6865.2592834
   583.000 6857.0481438
   583.500 6842.2104009
   584.000 6827.3726579
   584.500 6812.5349149
   585.000 6810.9909001
   585.500 6810.4402866
   586.000 6809.8896731
   586.500 6801.0184818
   587.000 6787.6631301
   587.500 6774.3077784
   588.000 6756.6321379
   588.500 6731.5731460
   589.000 6706.5141541
   589.500 6682.8678811
   590.000 6673.7760368
   590.500 6664.6841924
   591.000 6655.5923481
   591.500 6656.0118577
   592.000 6658.6942246
   592.500 6661.3765916
   593.000 6659.0802365
   593.500 6652.3179725
   594.000 6645.5557085
   594.500 6640.3621921
   595.000 6639.9669395
   595.500 6639.5716868
   596.000 6639.1764342
   596.500 6646.0207088
   597.000 6653.1219435
   597.500 6660.2231781
   598.000 6660.1868727
   598.500 6656.8692321
   599.000 6653.5515915
   599.500 6647.9102887
   600.000 6638.8466213
   600.500 6629.7829540
   601.000 6623.2713701
   601.500 6634.8338672
   602.000 6646.3963642
   602.500 6657.9588613
   603.000 6664.4745820
   603.500 6670.0508645
   604.000 6675.6271469
   604.500 6675.3370194
   605.000 6670.4805044
   605.500 6665.6239894
   606.000 6661.6422291
   606.500 6659.8916399
   607.000 6658.1410507
   607.500 6656.3894551
   608.000 6653.6083397
   608.500 6650.8272244
   609.000 6648.0461091
   609.500 6620.1164216
   610.000 6582.4218825
   610.500 6544.7273433
   611.000 6501.2046166
   611.500 6450.2536035
   612.000 6399.3025905
   612.500 6348.0667709
   613.000 6295.3243463
   613.500 6242.5819217
   614.000 6189.8394970
   614.500 6126.5446343
   615.000 6061.7865338
   615.500 5997.0284333
   616.000 5933.7972043
   616.500 5871.5942868
   617.000 5809.3913692
   617.500 5751.6220472
   618.000 5703.4098872
   618.500 5655.1977272
   619.000 5607.2172699
   619.500 5565.4003671
   620.000 5523.5834643
   620.500 5481.7665616
   621.000 5452.5474068
   621.500 5427.4037549
   622.000 5402.2601029
   622.500 5384.8736758
   623.000 5376.0643799
   623.500 5367.2550840
   624.000 5358.9994156
   624.500 5353.0418027
   625.000 5347.0841898
   625.500 5341.1265769
   626.000 5340.4563160
   626.500 5340.2868666
   627.000 5340.1174172
   627.500 5352.6162825
   628.000 5372.4659014
   628.500 5392.3155203
   629.000 5410.2013562
   629.500 5424.4743972
   630.000 5438.7474381
   630.500 5453.2374596
   631.000 5470.5458547
   631.500 5487.8542499
   632.000 5505.1626450
   632.500 5516.0513165
   633.000 5525.2419094
   633.500 5534.4325022
   634.000 5546.2373481
   634.500 5560.5523579
   635.000 5574.8673676
   635.500 5586.7956731
   636.000 5590.7063217
   636.500 5594.6169702
   637.000 5598.5276188
   637.500 5596.5582613
   638.000 5594.2711470
   638.500 5591.9840327
   639.000 5585.1225841
   639.500 5575.9883445
   640.000 5566.8541050
   640.500 5559.4044560
   641.000 5554.6186421
   641.500 5549.8328282
   642.000 5543.2884358
   642.500 5522.0269972
   643.000 5500.7655586
   643.500 5479.5041199
   644.000 5454.4182209
   644.500 5428.5271009
   645.000 5402.6359809
   645.500 5370.3391110
   646.000 5332.7010549
   646.500 5295.0629989
   647.000 5258.1983824
   647.500 5223.4828435
   648.000 5188.7673047
   648.500 5154.0517658
   649.000 5116.7384083
   649.500 5079.3827679
   650.000 5042.0271275
   650.500 5011.4830430
   651.000 4983.8122574
   651.500 4956.1414718
   652.000 4931.3049557
   652.500 4910.3400212
   653.000 4889.3750867
   653.500 4868.5225015
   654.000 4848.3488030
   654.500 4828.1751044
   655.000 4808.0014058
   655.500 4776.1428192
   656.000 4742.4014528
   656.500 4708.6600863
   657.000 4674.5252134
   657.500 4640.1060494
   658.000 4605.6868855
   658.500 4571.6234113
   659.000 4538.3902658
   659.500 4505.1571202
   660.000 4471.8854054
   660.500 4436.6474299
   661.000 4401.4094545
   661.500 4366.1714790
   662.000 4334.8436353
   662.500 4304.8998221
   663.000 4274.9560090
   663.500 4253.3582658
   664.000 4241.6408863
   664.500 4229.9235069
   665.000 4218.8237981
   665.500 4210.5931593
   666.000 4202.3625206
   666.500 4194.1318818
   667.000 4183.2813679
   667.500 4172.1283412
   668.000 4160.9753145
   668.500 4147.3010047
   669.000 4132.0537923
   669.500 4116.8065799
   670.000 4103.6413078
   670.500 4094.6059460
   671.000 4085.5705842
   671.500 4076.6336938
   672.000 4069.4054044
   672.500 4062.1771150
   673.000 4054.9488256
   673.500 4047.6768283
   674.000 4040.3920562
   674.500 4033.1072842
   675.000 4024.1586719
   675.500 4013.5000927
   676.000 4002.8415136
   676.500 3993.1784111
   677.000 3987.2065809
   677.500 3981.2347506
   678.000 3975.2629204
   678.500 3969.8434978
   679.000 3964.4645461
   679.500 3959.0855945
   680.000 3951.4639747
   680.500 3942.6404570
   681.000 3933.8169393
   681.500 3921.3799132
   682.000 3902.8009719
   682.500 3884.2220307
   683.000 3865.4986363
   683.500 3845.3101187
   684.000 3825.1216010
   684.500 3804.9330833
   685.000 3774.5452723
   685.500 3741.7507477
   686.000 3708.9562231
   686.500 3673.7146848
   687.000 3636.2884751
   687.500 3598.8622654
   688.000 3557.8243278
   688.500 3505.8144823
   689.000 3453.8046368
   689.500 3401.7947913
   690.000 3355.2319469
   690.500 3308.8550332
   691.000 3262.4781195
   691.500 3226.6433759
   692.000 3195.6267084
   692.500 3164.6100408
   693.000 3135.2828126
   693.500 3108.4307721
   694.000 3081.5787317
   694.500 3055.0338526
   695.000 3030.6391031
   695.500 3006.2443536
   696.000 2981.8496041
   696.500 2968.4551760
   697.000 2957.0903053
   697.500 2945.7254346
   698.000 2929.4196893
   698.500 2909.2877840
   699.000 2889.1558787
   699.500 2864.9180808
   700.000 2830.2731156
   700.500 2795.6281505
   701.000 2760.9994517
   701.500 2733.5968624
   702.000 2706.1942730
   702.500 2678.7916836
   703.000 2651.8169517
   703.500 2625.0073059
   704.000 2598.1976601
   704.500 2573.5856753
   705.000 2551.7603146
   705.500 2529.9349538
   706.000 2510.1308523
   706.500 2500.9260412
   707.000 2491.7212300
   707.500 2482.5164189
   708.000 2481.6182639
   708.500 2481.8582849
   709.000 2482.0983059
   709.500 2479.9542600
   710.000 2476.2130608
   710.500 2472.4718616
   711.000 2465.6942179
   711.500 2452.4093732
   712.000 2439.1245285
   712.500 2425.5675639
   713.000 2405.0261882
   713.500 2384.4848125
   714.000 2363.9434369
   714.500 2340.0897900
   715.000 2315.1719428
   715.500 2290.2540955
   716.000 2261.0881031
   716.500 2227.2488010
   717.000 2193.4094988
   717.500 2158.6430626
   718.000 2120.0592073
   718.500 2081.4753521
   719.000 2042.8914968
   719.500 2001.2470071
   720.000 1959.3172673
   720.500 1917.3875275
   721.000 1866.6760190
   721.500 1810.8967001
   722.000 1755.1173813
   722.500 1704.0980313
   723.000 1661.7870950
   723.500 1619.4761588
   724.000 1577.0399150
   724.500 1533.0066338
   725.000 1488.9733526
   725.500 1444.9400713
   726.000 1411.2904823
   726.500 1380.3664371
   727.000 1349.4423920
   727.500 1321.8024278
   728.000 1297.3010305
   728.500 1272.7996333
   729.000 1251.2355718
   729.500 1239.4684365
   730.000 1227.7013012
   730.500 1215.9341659
   731.000 1211.4496398
   731.500 1207.3484089
   732.000 1203.2471780
   732.500 1205.6566791
   733.000 1211.2825987
   733.500 1216.9085183
   734.000 1222.8252577
   734.500 1229.1994175
   735.000 1235.5735773
   735.500 1242.1146829
   736.000 1250.0345253
   736.500 1257.9543677
   737.000 1265.8742100
   737.500 1275.1606461
   738.000 1284.7324683
   738.500 1294.3042906
   739.000 1305.5043278
   739.500 1318.0550534
   740.000 1330.6057790
   740.500 1344.4028797
   741.000 1361.6406709
   741.500 1378.8784622
   742.000 1396.1162534
   742.500 1403.4782299
   743.000 1410.6923981
   743.500 1417.9065663
   744.000 1427.3091384
   744.500 1437.6292329
   745.000 1447.9493273
   745.500 1458.5445918
   746.000 1469.5137859
   746.500 1480.4829801
   747.000 1489.8837975
   747.500 1489.8978859
   748.000 1489.9119744
   748.500 1489.9260629
   749.000 1482.2993776
   749.500 1473.4545979
   750.000 1464.6098183
   750.500 1459.2437821
   751.000 1456.3779098
   751.500 1453.5120375
   752.000 1451.4795156
   752.500 1451.3806701
   753.000 1451.2818247
   753.500 1450.8830328
   754.000 1436.1582238
   754.500 1421.4334148
   755.000 1406.7086057
   755.500 1389.7120035
   756.000 1371.9165556
   756.500 1354.1211076
   757.000 1335.5480116
   757.500 1316.0590040
   758.000 1296.5699963
   758.500 1275.0368318
   759.000 1244.0907016
   759.500 1213.1445714
   760.000 1182.1984413
   760.500 1143.1534291
   761.000 1103.1860281
   761.500 1063.2186271
   762.000 1025.4989040
   762.500 989.1738868
   763.000 952.8488697
   763.500 919.2762355
   764.000 891.1324666
   764.500 862.9886978
   765.000 835.2334272
   765.500 814.0567630
   766.000 792.8800988
   766.500 771.7034347
   767.000 762.4707982
   767.500 756.7038420
   768.000 750.9368858
   768.500 743.2820593
   769.000 733.6961007
   769.500 724.1101421
   770.000 717.2074178
   770.500 720.1791962
   771.000 723.1509746
   771.500 726.1227529
   772.000 730.0824604
   772.500 734.1131035
   773.000 738.1437467
   773.500 740.4107364
   774.000 741.7378151
   774.500 743.0648939
   775.000 741.1753840
   775.500 733.8482653
   776.000 726.5211466
   776.500 719.9971104
   777.000 721.4935618
   777.500 722.9900132
   778.000 724.4864646
   778.500 718.5533341
   779.000 710.8803374
   779.500 703.2073408
   780.000 695.5941526
   780.500 688.0340894
   781.000 680.4740263
   781.500 673.5078740
   782.000 668.3337060
   782.500 663.1595380
   783.000 657.9853700
   783.500 657.7664764
   784.000 657.7100095
   784.500 657.6535425
   785.000 653.0200524
   785.500 646.3070423
   786.000 639.5940322
   786.500 633.2258008
   787.000 627.3600509
   787.500 621.4943010
   788.000 615.1449145
   788.500 605.4460052
   789.000 595.7470960
   789.500 586.0481867
   790.000 576.1463652
   790.500 566.2074672
   791.000 556.2685693
   791.500 546.7523104
   792.000 537.5616529
   792.500 528.3709954
   793.000 519.5153363
   793.500 511.5035050
   794.000 503.4916738
   794.500 495.4794951
   795.000 487.3688345
   795.500 479.2581740
   796.000 471.1475134
   796.500 466.3841752
   797.000 462.9042332
   797.500 459.4242912
   798.000 457.0396676
   798.500 456.0373183
   799.000 455.0349690
   799.500 453.5209881
   800.000 449.3491856
   800.500 445.1773831
   801.000 441.0055806
   801.500 434.3406845
   802.000 427.3382715
   802.500 420.3358585
   803.000 415.5573551
   803.500 412.2608553
   804.000 408.9643555
   804.500 405.2304204
   805.000 400.5645118
   805.500 395.8986031
   806.000 391.2844178
   806.500 387.9526324
   807.000 384.6208470
   807.500 381.2890616
   808.000 377.9466403
   808.500 374.6008254
   809.000 371.2550104
   809.500 371.2517027
   810.000 374.9081933
   810.500 378.5646840
   811.000 382.4655236
   811.500 387.3643848
   812.000 392.2632460
   812.500 397.1621073
   813.000 399.9982880
   813.500 402.6453530
   814.000 405.2924180
   814.500 401.9073395
   815.000 395.0602228
   815.500 388.2131060
   816.000 382.9958973
   816.500 380.7441173
   817.000 378.4923372
   817.500 376.3121459
   818.000 375.0274757
   818.500 373.7428055
   819.000 372.4581353
   819.500 367.7298506
   820.000 362.1040983
   820.500 356.4783461
   821.000 353.4861578
   821.500 352.9990669
   822.000 352.5119759
   822.500 353.8560422
   823.000 361.2608091
   823.500 368.6655759
   824.000 376.0703428
   824.500 380.7953257
   825.000 385.3833210
   825.500 389.9713164
   826.000 390.8677289
   826.500 389.9500720
   827.000 389.0324150
   827.500 388.5220293
   828.000 388.6490759
   828.500 388.7761226
   829.000 389.0056712
   829.500 390.0715559
   830.000 391.1374407
   830.500 392.2033255
   831.000 387.5845743
   831.500 381.7892292
   832.000 375.9938842
   832.500 369.1118484
   833.000 361.3329540
   833.500 353.5540596
   834.000 346.5616496
   834.500 341.7263239
   835.000 336.8909981
   835.500 332.0556723
   836.000 324.6507225
   836.500 317.2106699
   837.000 309.7706172
   837.500 300.8756486
   838.000 291.3743980
   838.500 281.8731473
   839.000 275.3582900
   839.500 272.8806180
   840.000 270.4029460
   840.500 267.8456978
   841.000 264.8174444
   841.500 261.7891909
   842.000 258.7609375
   842.500 258.2999129
   843.000 258.2434460
   843.500 258.1869790
   844.000 258.7232920
   844.500 259.6832461
   845.000 260.6432001
   845.500 261.3043818
   846.000 261.2761483
   846.500 261.2479148
   847.000 261.0583836
   847.500 253.5900813
   848.000 246.1217790
   848.500 238.6534767
   849.000 234.0986978
   849.500 230.5621932
   850.000 227.0256885
   850.500 221.4842074
   851.000 213.5923871
   851.500 205.7005668
   852.000 198.6496866
   852.500 195.4378832
   853.000 192.2260798
   853.500 189.0142765
   854.000 189.0199728
   854.500 189.3870525
   855.000 189.7541322
   855.500 191.4655994
   856.000 194.0067989
   856.500 196.5479985
   857.000 197.0916124
   857.500 193.7174647
   858.000 190.3433169
   858.500 186.9409886
   859.000 183.0727142
   859.500 179.2044399
   860.000 175.3361655
   860.500 176.3179449
   861.000 178.6967837
   861.500 181.0756225
   862.000 179.1225638
   862.500 172.7625090
   863.000 166.4024542
   863.500 160.2124793
   864.000 154.6433499
   864.500 149.0742206
   865.000 143.5050913
   865.500 146.7521731
   866.000 150.6204272
   866.500 154.4886814
   867.000 159.3072398
   867.500 164.6296356
   868.000 169.9520314
   868.500 170.1316706
   869.000 161.6610276
   869.500 153.1903845
   870.000 145.3255784
   870.500 143.4267331
   871.000 141.5278878
   871.500 139.6290425
   872.000 133.3651340
   872.500 126.0874380
   873.000 118.8097420
   873.500 113.4206705
   874.000 109.7006483
   874.500 105.9806260
   875.000 102.8522448
   875.500 101.4969386
   876.000 100.1416324
   876.500 98.7863262
   877.000 99.2309322
   877.500 99.7321028
   878.000 100.2332734
   878.500 97.2090402
   879.000 92.5925280
   879.500 87.9760158
   880.000 85.7136520
   880.500 86.8642392
   881.000 88.0148264
   881.500 88.2678324
   882.000 82.3807205
   882.500 76.4936085
   883.000 70.6064965
   883.500 62.5912198
   884.000 54.1911458
   884.500 45.7910718
   885.000 40.9882041
   885.500 38.9412499
   886.000 36.8942956
   886.500 36.6440274
   887.000 40.8934666
   887.500 45.1429059
   888.000 49.3727573
   888.500 49.4433521
   889.000 49.5139469
   889.500 49.5845417
   890.000 48.5460922
   890.500 47.0849073
   891.000 45.6237224
   891.500 44.4348115
   892.000 43.5877423
   892.500 42.7406731
   893.000 41.7190417
   893.500 39.7990335
   894.000 37.8790253
   894.500 35.9590171
   895.000 35.1908504
   895.500 34.5767387
   896.000 33.9626271
   896.500 37.2454004
   897.000 43.1113312
   897.500 48.9772621
   898.000 52.9891377
   898.500 53.0738502
   899.000 53.1585628
   899.500 53.3718723
   900.000 56.6683772
   900.500 59.9648820
   901.000 63.2613869
   901.500 64.1028495
   902.000 64.1663768
   902.500 64.2299042
   903.000 63.5871870
   903.500 62.1754098
   904.000 60.7636326
   904.500 59.0359456
   905.000 56.0290414
   905.500 53.0221371
   906.000 50.0152328
   906.500 52.3753689
   907.000 55.2200935
   907.500 58.0648182
   908.000 57.5306996
   908.500 55.0671462
   909.000 52.6035928
   909.500 51.2076269
   910.000 51.7440995
   910.500 52.2805720
   911.000 52.9269189
   911.500 54.9245753
   912.000 56.9222316
   912.500 58.9198879
   913.000 61.4335293
   913.500 64.0806065
   914.000 66.7276836
   914.500 69.5162256
   915.000 72.4385974
   915.500 75.3609692
   916.000 78.8792498
   916.500 84.3569415
   917.000 89.8346333
   917.500 95.3123251
   918.000 95.8614242
   918.500 96.1649524
   919.000 96.4684805
   919.500 94.5761477
   920.000 91.6114176
   920.500 88.6466875
   921.000 85.9553455
   921.500 83.6894408
   922.000 81.4235361
   922.500 79.4767903
   923.000 80.0979795
   923.500 80.7191687
   924.000 81.3403579
   924.500 84.4803195
   925.000 88.1366027
   925.500 91.7928859
   926.000 95.0346123
   926.500 97.9358150
   927.000 100.8370177
   927.500 102.6073130
   928.000 101.2943630
   928.500 99.9814130
   929.000 98.6684630
   929.500 95.7728622
   930.000 92.8575449
   930.500 89.9422276
   931.000 87.6208184
   931.500 85.5455037
   932.000 83.4701890
   932.500 81.8914736
   933.000 80.9808811
   933.500 80.0702885
   934.000 79.2162636
   934.500 78.6939099
   935.000 78.1715561
   935.500 77.6492023
   936.000 75.5575529
   936.500 73.2210663
   937.000 70.8845798
   937.500 69.9341059
   938.000 69.9694059
   938.500 70.0047058
   939.000 68.1255374
   939.500 61.8572515
   940.000 55.5889656
   940.500 49.3294647
   941.000 43.4423578
   941.500 37.5552509
   942.000 31.6681439
   942.500 29.8161361
   943.000 29.3643639
   943.500 28.9125918
   944.000 29.0898500
   944.500 30.0004445
   945.000 30.9110389
   945.500 31.1225747
   946.000 28.1721308
   946.500 25.2216870
   947.000 22.2712431
   947.500 22.9998302
   948.000 24.1363113
   948.500 25.2727923
   949.000 24.2751497
   949.500 21.9668910
   950.000 19.6586324
   950.500 18.5750908
   951.000 19.8809824
   951.500 21.1868740
   952.000 22.3879991
   952.500 21.8938773
   953.000 21.3997554
   953.500 20.9056336
   954.000 21.2896844
   954.500 21.9249883
   955.000 22.5602922
   955.500 21.5330954
   956.000 18.8224859
   956.500 16.1118763
   957.000 14.3948285
   957.500 16.2795530
   958.000 18.1642774
   958.500 20.0490018
   959.000 19.3053662
   959.500 18.3806534
   960.000 17.4559406
   960.500 16.7207620
   961.000 16.0854661
   961.500 15.4501703
   962.000 14.4212767
   962.500 12.7341957
   963.000 11.0471148
   963.500  9.7324949
   964.000 12.0266292
   964.500 14.3207635
   965.000 16.6148978
   965.500 19.1671244
   966.000 21.7787582
   966.500 24.3903919
   967.000 26.6340621
   967.500 28.5540754
   968.000 30.4740888
   968.500  0.0000000
   969.000  0.0000000
   969.500  0.0000000
   970.000  0.0000000
   970.500  0.0000000
   971.000  0.0000000
   971.500  0.0000000
   972.000  0.0000000
   972.500  0.0000000
   973.000  0.0000000
   973.500  0.0000000
   974.000  0.0000000
   974.500  0.0000000
   975.000  0.0000000
   975.500  0.0000000
   976.000  0.0000000
   976.500  0.0000000
   977.000  0.0000000
   977.500  0.0000000
   978.000  0.0000000
   978.500  0.0000000
   979.000  0.0000000
   979.500  0.0000000
   980.000  0.0000000
   980.500  0.0000000
   981.000  0.0000000
   981.500  0.0000000
   982.000  0.0000000
   982.500  0.0000000
   983.000  0.0000000
   983.500  0.0000000
   984.000  0.0000000
   984.500  0.0000000
   985.000  0.0000000
   985.500  0.0000000
   986.000  0.0000000
   986.500  0.0000000
   987.000  0.0000000
   987.500  0.0000000
   988.000  0.0000000
   988.500  0.0000000
   989.000  0.0000000
   989.500  0.0000000
   990.000  0.0000000
   990.500  0.0000000
   991.000  0.0000000
   991.500  0.0000000
   992.000  0.0000000
   992.500  0.0000000
   993.000  0.0000000
   993.500  0.0000000
   994.000  0.0000000
   994.500  0.0000000
   995.000  0.0000000
   995.500  0.0000000
   996.000  0.0000000
   996.500  0.0000000
   997.000  0.0000000
   997.500  0.0000000
   998.000  0.0000000
   998.500  0.0000000
   999.000  0.0000000
   999.500  0.0000000
  1000.000  0.0000000
  1000.500  0.0000000
  1001.000  0.0000000
  1001.500  0.0000000
  1002.000  0.0000000
  1002.500  0.0000000
  1003.000  0.0000000
  1003.500  0.0000000
  1004.000  0.0000000
  1004.500  0.0000000
  1005.000  0.0000000
  1005.500  0.0000000
  1006.000  0.0000000
  1006.500  0.0000000
  1007.000  0.0000000
  1007.500  0.0000000
  1008.000  0.0000000
  1008.500  0.0000000
  1009.000  0.0000000
  1009.500  0.0000000
  1010.000  0.0000000
  1010.500  0.0000000
  1011.000  0.0000000
  1011.500  0.0000000
  1012.000  0.0000000
  1012.500  0.0000000
  1013.000  0.0000000
  1013.500  0.0000000
  1014.000  0.0000000
  1014.500  0.0000000
  1015.000  0.0000000
  1015.500  0.0000000
  1016.000  0.0000000
  1016.500  0.0000000
  1017.000  0.0000000
  1017.500  0.0000000
  1018.000  0.0000000
  1018.500  0.0000000
  1019.000  0.0000000
  1019.500  0.0000000
  1020.000  0.0000000
  1020.500  0.0000000
  1021.000  0.0000000
  1021.500  0.0000000
  1022.000  0.0000000
  1022.500  0.0000000
  1023.000  0.0000000
  1023.500  0.0000000
  1024.000  0.0000000
  1024.500  0.0000000
  1025.000  0.0000000
  1025.500  0.0000000
  1026.000  0.0000000
  1026.500  0.0000000
  1027.000  0.0000000
  1027.500  0.0000000
  1028.000  0.0000000
  1028.500  0.0000000
  1029.000  0.0000000
  1029.500  0.0000000
  1030.000  0.0000000
  1030.500  0.0000000
  1031.000  0.0000000
  1031.500  0.0000000
  1032.000  0.0000000
  1032.500  0.0000000
  1033.000  0.0000000
  1033.500  0.0000000
  1034.000  0.0000000
  1034.500  0.0000000
  1035.000  0.0000000
  1035.500  0.0000000
  1036.000  0.0000000
  1036.500  0.0000000
  1037.000  0.0000000
  1037.500  0.0000000
  1038.000  0.0000000
  1038.500  0.0000000
  1039.000  0.0000000
  1039.500  0.0000000
  1040.000  0.0000000
  1040.500  0.0000000
  1041.000  0.0000000
  1041.500  0.0000000
  1042.000  0.0000000
  1042.500  0.0000000
  1043.000  0.0000000
  1043.500  0.0000000
  1044.000  0.0000000
  1044.500  0.0000000
  1045.000  0.0000000
  1045.500  0.0000000
  1046.000  0.0000000
  1046.500  0.0000000
  1047.000  0.0000000
  1047.500  0.0000000
  1048.000  0.0000000
  1048.500  0.0000000
  1049.000  0.0000000
  1049.500  0.0000000
  1050.000  0.0000000
  1050.500  0.0000000
  1051.000  0.0000000
  1051.500  0.0000000
  1052.000  0.0000000
  1052.500  0.0000000
  1053.000  0.0000000
  1053.500  0.0000000
  1054.000  0.0000000
  1054.500  0.0000000
  1055.000  0.0000000
  1055.500  0.0000000
  1056.000  0.0000000
  1056.500  0.0000000
  1057.000  0.0000000
  1057.500  0.0000000
  1058.000  0.0000000
  1058.500  0.0000000
  1059.000  0.0000000
  1059.500  0.0000000
  1060.000  0.0000000
  1060.500  0.0000000
  1061.000  0.0000000
  1061.500  0.0000000
  1062.000  0.0000000
