  1165.000  0.0000000
  1170.000  0.0000000
  1175.000  0.0000000
  1180.000  0.0000000
  1185.000  0.0000000
  1190.000  0.0000000
  1195.000  0.0000000
  1200.000  0.0000000
  1205.000  0.0000000
  1210.000  0.0000000
  1215.000  0.0000000
  1220.000  0.0000000
  1225.000  0.0000000
  1230.000  0.0000000
  1235.000  0.0000000
  1240.000  0.0000000
  1245.000  0.0000000
  1250.000  0.0000000
  1255.000  0.0000000
  1260.000  0.0000000
  1265.000  0.0000000
  1270.000  0.0000000
  1275.000  0.0000000
  1280.000  0.0000000
  1285.000  0.0000000
  1290.000  0.0000000
  1295.000  0.0000000
  1300.000  0.0000000
  1305.000  0.0000000
  1310.000  0.0000000
  1315.000  0.0000000
  1320.000  0.0000000
  1325.000  0.0000000
  1330.000  0.0000000
  1335.000  0.0000000
  1340.000  0.0000000
  1345.000  0.0000000
  1350.000  0.0000000
  1355.000  0.0000000
  1360.000  0.0000000
  1365.000  0.0000000
  1370.000  0.0000000
  1375.000  0.0000000
  1380.000  0.0000000
  1385.000  0.0000000
  1390.000  0.0000000
  1395.000  0.0000000
  1400.000  0.0000000
  1405.000  0.0000000
  1410.000  0.0000000
  1415.000  0.0000000
  1420.000  0.0000000
  1425.000  0.0000000
  1430.000  0.0000000
  1435.000  0.0000000
  1440.000  0.0000000
  1445.000  0.0000000
  1450.000  0.0000000
  1455.000  0.0000000
  1460.000  0.0000000
  1465.000  0.0000000
  1470.000  0.0000000
  1475.000  0.0000000
  1480.000  0.0000000
  1485.000  0.0000000
  1490.000  0.0000000
  1495.000  0.0000000
  1500.000  0.0000000
  1505.000  0.0000000
  1510.000  0.0000000
  1515.000  0.0000000
  1520.000  0.0000000
  1525.000  0.0000000
  1530.000  0.0000000
  1535.000  0.0000000
  1540.000  0.0000000
  1545.000  0.0000000
  1550.000  0.0000000
  1555.000  0.0000000
  1560.000  0.0000000
  1565.000  0.0000000
  1570.000  0.0000000
  1575.000  0.0000000
  1580.000  0.0000000
  1585.000  0.0000000
  1590.000  0.0000000
  1595.000  0.0000000
  1600.000  0.0000000
  1605.000  0.0000000
  1610.000  0.0000000
  1615.000  0.0000000
  1620.000  0.0000000
  1625.000  0.0000000
  1630.000  0.0000000
  1635.000  0.0000000
  1640.000  0.0000000
  1645.000  0.0000000
  1650.000  0.0000000
  1655.000  0.0000000
  1660.000  0.0000000
  1665.000  0.0000000
  1670.000  0.0000000
  1675.000  0.0000000
  1680.000  0.0000000
  1685.000  0.0000000
  1690.000  0.0000000
  1695.000  0.0000000
  1700.000  0.0000000
  1705.000  0.0000000
  1710.000  0.0000000
  1715.000  0.0000000
  1720.000  0.0000000
  1725.000  0.0000000
  1730.000  0.0000000
  1735.000  0.0000000
  1740.000  0.0000000
  1745.000  0.0000000
  1750.000  0.0000000
  1755.000  0.0000000
  1760.000  0.0000000
  1765.000  0.0000000
  1770.000  0.0000000
  1775.000  0.0000000
  1780.000  0.0000000
  1785.000  0.0000000
  1790.000  0.0000000
  1795.000  0.0000000
  1800.000  0.0000000
  1805.000  0.0000000
  1810.000  0.0000000
  1815.000  0.0000000
  1820.000  0.0000000
  1825.000  0.0000000
  1830.000  0.0000000
  1835.000  0.0000000
  1840.000  0.0000000
  1845.000  0.0000000
  1850.000  0.0000000
  1855.000  0.0000000
  1860.000  0.0000000
  1865.000  0.0000000
  1870.000  0.0000000
  1875.000  0.0000000
  1880.000  0.0000000
  1885.000  0.0000000
  1890.000  0.0000000
  1895.000  0.0000000
  1900.000  0.0000000
  1905.000  0.0000000
  1910.000  0.0000000
  1915.000  0.0000000
  1920.000  0.0000000
  1925.000  0.0000000
  1930.000  0.0000000
  1935.000  0.0000000
  1940.000  0.0000000
  1945.000  0.0000000
  1950.000  0.0000000
  1955.000  0.0000000
  1960.000  0.0000000
  1965.000  0.0000000
  1970.000  0.0000000
  1975.000  0.0000000
  1980.000  0.0000000
  1985.000  0.0000000
  1990.000  0.0000000
  1995.000  0.0000000
  2000.000  0.0000000
  2005.000  0.0000000
  2010.000  0.0000000
  2015.000  0.0000000
  2020.000  0.0000000
  2025.000  0.0000000
  2030.000  0.0000000
  2035.000  0.0000000
  2040.000  0.0000000
  2045.000  0.0000000
  2050.000  0.0000000
  2055.000  0.0000000
  2060.000  0.0000000
  2065.000  0.0000000
  2070.000  0.0000000
  2075.000  0.0000000
  2080.000  0.0000000
  2085.000  0.0000000
  2090.000  0.0000000
  2095.000  0.0000000
  2100.000  0.0000000
  2105.000  0.0000000
  2110.000  0.0000000
  2115.000  0.0000000
  2120.000  0.0000000
  2125.000  0.0000000
  2130.000  0.0000000
  2135.000  0.0000000
  2140.000  0.0000000
  2145.000  0.0000000
  2150.000  0.0000000
  2155.000  0.0000000
  2160.000  0.0000000
  2165.000  0.0000000
  2170.000  0.0000000
  2175.000  0.0000000
  2180.000  0.0000000
  2185.000  0.0000000
  2190.000  0.0000000
  2195.000  0.0000000
  2200.000  0.0000000
  2205.000  0.0000000
  2210.000  0.0000000
  2215.000  0.0000000
  2220.000  0.0000000
  2225.000  0.0000000
  2230.000  0.0000000
  2235.000  0.0000000
  2240.000  0.0000000
  2245.000  0.0000000
  2250.000  0.0000000
  2255.000  0.0000000
  2260.000  0.0000000
  2265.000  0.0000000
  2270.000  0.0000000
  2275.000  0.0000000
  2280.000  0.0000000
  2285.000  0.0000000
  2290.000  0.0000000
  2295.000  0.0000000
  2300.000  0.0000000
  2305.000  0.0000000
  2310.000  0.0000000
  2315.000  0.0000000
  2320.000  0.0000000
  2325.000  0.0000000
  2330.000  0.0000000
  2335.000  0.0000000
  2340.000  0.0000000
  2345.000  0.0000000
  2350.000  0.0000000
  2355.000  0.0000000
  2360.000  0.0000000
  2365.000  0.0000000
  2370.000  0.0000000
  2375.000  0.0000000
  2380.000  0.0000000
  2385.000  0.0000000
  2390.000  0.0000000
  2395.000  0.0000000
  2400.000  0.0000000
  2405.000  0.0000000
  2410.000  0.0000000
  2415.000  0.0000000
  2420.000  0.0000000
  2425.000  0.0000000
  2430.000  0.0000000
  2435.000  0.0000000
  2440.000  0.0000000
  2445.000  0.0000000
  2450.000  0.0000000
  2455.000  0.0000000
  2460.000  0.0000000
  2465.000  0.0000000
  2470.000  0.0000000
  2475.000  0.0000000
  2480.000  0.0000000
  2485.000  0.0000000
  2490.000  0.0000000
  2495.000  0.0000000
  2500.000  0.0000000
  2505.000  0.0000000
  2510.000  0.0000000
  2515.000  0.0000000
  2520.000  0.0000000
  2525.000  0.0000000
  2530.000  0.0000000
  2535.000  0.0000000
  2540.000  0.0000000
  2545.000  0.0000000
  2550.000  0.0000000
  2555.000  0.0000000
  2560.000  0.0000000
  2565.000  0.0000000
  2570.000  0.0000000
  2575.000  0.0000000
  2580.000  0.0000000
  2585.000  0.0000000
  2590.000  0.0000000
  2595.000  0.0000000
  2600.000  0.0000000
  2605.000  0.0000000
  2610.000  0.0000000
  2615.000  0.0000000
  2620.000  0.0000000
  2625.000  0.0000000
  2630.000  0.0000000
  2635.000  0.0000000
  2640.000  0.0000000
  2645.000  0.0000000
  2650.000  0.0000000
  2655.000  0.0000000
  2660.000  0.0000000
  2665.000  0.0000000
  2670.000  0.0000000
  2675.000  0.0000000
  2680.000  0.0000000
  2685.000  0.0000000
  2690.000  0.0000000
  2695.000  0.0000000
  2700.000  0.0000000
  2705.000  0.0000000
  2710.000  0.0000000
  2715.000  0.0000000
  2720.000  0.0000000
  2725.000  0.0000000
  2730.000  0.0000000
  2735.000  0.0000000
  2740.000  0.0000000
  2745.000  0.0000000
  2750.000  0.0000000
  2755.000  0.0000000
  2760.000  0.0000000
  2765.000  0.0000000
  2770.000  0.0000000
  2775.000  0.0000000
  2780.000  0.0000000
  2785.000  0.0000000
  2790.000  0.0000000
  2795.000  0.0000000
  2800.000  0.0000000
  2805.000  0.0000000
  2810.000  0.0000000
  2815.000  0.0000000
  2820.000  0.0000000
  2825.000  0.0000000
  2830.000  0.0000000
  2835.000  0.0000000
  2840.000  0.0000000
  2845.000  0.0000000
  2850.000  0.0000000
  2855.000  0.0000000
  2860.000  0.0000000
  2865.000  0.0000000
  2870.000  0.0000000
  2875.000  0.0000000
  2880.000  0.0000000
  2885.000  0.0000000
  2890.000  0.0000000
  2895.000  0.0000000
  2900.000  0.0000000
  2905.000  0.0000000
  2910.000  0.0000000
  2915.000  0.0000000
  2920.000  0.0000000
  2925.000  0.0000000
  2930.000  0.0000000
  2935.000  0.0000000
  2940.000  0.0000000
  2945.000  0.0000000
  2950.000  0.0000000
  2955.000  0.0000000
  2960.000  0.0000000
  2965.000  0.0000000
  2970.000  0.0000000
  2975.000  0.0000000
  2980.000  0.0000000
  2985.000  0.0000000
  2990.000  0.0000000
  2995.000  0.0000041
  3000.000  0.0000140
  3005.000  0.0000239
  3010.000  0.0000324
  3015.000  0.0000300
  3020.000  0.0000276
  3025.000  0.0000252
  3030.000  0.0000265
  3035.000  0.0000286
  3040.000  0.0000308
  3045.000  0.0000337
  3050.000  0.0000377
  3055.000  0.0000417
  3060.000  0.0000446
  3065.000  0.0000444
  3070.000  0.0000442
  3075.000  0.0000442
  3080.000  0.0000439
  3085.000  0.0000436
  3090.000  0.0000430
  3095.000  0.0000460
  3100.000  0.0000511
  3105.000  0.0000561
  3110.000  0.0000606
  3115.000  0.0000645
  3120.000  0.0000687
  3125.000  0.0000729
  3130.000  0.0000727
  3135.000  0.0000725
  3140.000  0.0000721
  3145.000  0.0000708
  3150.000  0.0000688
  3155.000  0.0000666
  3160.000  0.0000638
  3165.000  0.0000606
  3170.000  0.0000576
  3175.000  0.0000547
  3180.000  0.0000530
  3185.000  0.0000515
  3190.000  0.0000501
  3195.000  0.0000495
  3200.000  0.0000490
  3205.000  0.0000485
  3210.000  0.0000494
  3215.000  0.0000515
  3220.000  0.0000533
  3225.000  0.0000555
  3230.000  0.0000593
  3235.000  0.0000632
  3240.000  0.0000669
  3245.000  0.0000680
  3250.000  0.0000691
  3255.000  0.0000701
  3260.000  0.0000730
  3265.000  0.0000770
  3270.000  0.0000810
  3275.000  0.0000860
  3280.000  0.0000925
  3285.000  0.0000990
  3290.000  0.0001052
  3295.000  0.0001090
  3300.000  0.0001128
  3305.000  0.0001166
  3310.000  0.0001165
  3315.000  0.0001152
  3320.000  0.0001138
  3325.000  0.0001144
  3330.000  0.0001177
  3335.000  0.0001212
  3340.000  0.0001260
  3345.000  0.0001359
  3350.000  0.0001457
  3355.000  0.0001555
  3360.000  0.0001654
  3365.000  0.0001752
  3370.000  0.0001848
  3375.000  0.0001969
  3380.000  0.0002114
  3385.000  0.0002259
  3390.000  0.0002422
  3395.000  0.0002631
  3400.000  0.0002843
  3405.000  0.0003057
  3410.000  0.0003226
  3415.000  0.0003393
  3420.000  0.0003559
  3425.000  0.0003746
  3430.000  0.0003941
  3435.000  0.0004136
  3440.000  0.0004388
  3445.000  0.0004734
  3450.000  0.0005088
  3455.000  0.0005449
  3460.000  0.0005880
  3465.000  0.0006316
  3470.000  0.0006747
  3475.000  0.0007209
  3480.000  0.0007677
  3485.000  0.0008148
  3490.000  0.0008685
  3495.000  0.0009284
  3500.000  0.0009877
  3505.000  0.0010506
  3510.000  0.0011299
  3515.000  0.0012092
  3520.000  0.0012880
  3525.000  0.0013829
  3530.000  0.0014812
  3535.000  0.0015799
  3540.000  0.0016933
  3545.000  0.0018191
  3550.000  0.0019470
  3555.000  0.0020854
  3560.000  0.0022501
  3565.000  0.0024152
  3570.000  0.0025825
  3575.000  0.0028081
  3580.000  0.0030368
  3585.000  0.0032647
  3590.000  0.0035388
  3595.000  0.0038350
  3600.000  0.0041305
  3605.000  0.0044558
  3610.000  0.0048305
  3615.000  0.0052016
  3620.000  0.0055773
  3625.000  0.0060548
  3630.000  0.0065316
  3635.000  0.0070107
  3640.000  0.0076117
  3645.000  0.0082483
  3650.000  0.0088774
  3655.000  0.0096071
  3660.000  0.0104402
  3665.000  0.0112749
  3670.000  0.0121478
  3675.000  0.0132370
  3680.000  0.0142727
  3685.000  0.0152799
  3690.000  0.0153475
  3695.000  0.0153246
  3700.000  0.0153559
  3705.000  0.0163668
  3710.000  0.0181112
  3715.000  0.0199393
  3720.000  0.0214860
  3725.000  0.0227618
  3730.000  0.0241425
  3735.000  0.0257242
  3740.000  0.0274849
  3745.000  0.0287110
  3750.000  0.0297470
  3755.000  0.0314067
  3760.000  0.0336441
  3765.000  0.0359167
  3770.000  0.0377321
  3775.000  0.0391683
  3780.000  0.0405561
  3785.000  0.0419956
  3790.000  0.0443575
  3795.000  0.0477326
  3800.000  0.0519175
  3805.000  0.0557938
  3810.000  0.0583479
  3815.000  0.0604821
  3820.000  0.0636574
  3825.000  0.0674218
  3830.000  0.0703539
  3835.000  0.0725026
  3840.000  0.0749064
  3845.000  0.0791920
  3850.000  0.0856731
  3855.000  0.0932990
  3860.000  0.0999193
  3865.000  0.1041289
  3870.000  0.1075339
  3875.000  0.1101426
  3880.000  0.1131847
  3885.000  0.1178259
  3890.000  0.1247075
  3895.000  0.1332661
  3900.000  0.1423986
  3905.000  0.1492468
  3910.000  0.1555119
  3915.000  0.1611859
  3920.000  0.1634657
  3925.000  0.1643501
  3930.000  0.1669477
  3935.000  0.1722703
  3940.000  0.1782635
  3945.000  0.1837080
  3950.000  0.1893075
  3955.000  0.1988989
  3960.000  0.2081080
  3965.000  0.2165232
  3970.000  0.2281490
  3975.000  0.2401050
  3980.000  0.2530671
  3985.000  0.2650198
  3990.000  0.2749928
  3995.000  0.2830866
  4000.000  0.2870483
  4005.000  0.2844354
  4010.000  0.2807420
  4015.000  0.2796341
  4020.000  0.2796905
  4025.000  0.2822178
  4030.000  0.2867906
  4035.000  0.2902958
  4040.000  0.2936360
  4045.000  0.2980173
  4050.000  0.3022600
  4055.000  0.3055806
  4060.000  0.3121061
  4065.000  0.3214311
  4070.000  0.3292775
  4075.000  0.3348538
  4080.000  0.3376257
  4085.000  0.3457421
  4090.000  0.3551797
  4095.000  0.3633856
  4100.000  0.3759733
  4105.000  0.3942723
  4110.000  0.4109353
  4115.000  0.4255430
  4120.000  0.4367197
  4125.000  0.4455053
  4130.000  0.4504153
  4135.000  0.4478253
  4140.000  0.4415840
  4145.000  0.4365630
  4150.000  0.4335239
  4155.000  0.4324525
  4160.000  0.4340473
  4165.000  0.4368693
  4170.000  0.4389407
  4175.000  0.4420566
  4180.000  0.4463729
  4185.000  0.4512293
  4190.000  0.4568125
  4195.000  0.4626444
  4200.000  0.4670648
  4205.000  0.4707469
  4210.000  0.4742725
  4215.000  0.4777780
  4220.000  0.4814935
  4225.000  0.4853171
  4230.000  0.4893515
  4235.000  0.4928764
  4240.000  0.4961570
  4245.000  0.4997089
  4250.000  0.5025656
  4255.000  0.5053688
  4260.000  0.5084888
  4265.000  0.5115876
  4270.000  0.5144457
  4275.000  0.5177037
  4280.000  0.5205520
  4285.000  0.5198971
  4290.000  0.5217659
  4295.000  0.5277176
  4300.000  0.5347841
  4305.000  0.5452305
  4310.000  0.5545646
  4315.000  0.5601748
  4320.000  0.5610757
  4325.000  0.5574799
  4330.000  0.5546172
  4335.000  0.5619082
  4340.000  0.5670642
  4345.000  0.5712200
  4350.000  0.5904142
  4355.000  0.6088366
  4360.000  0.6251282
  4365.000  0.6370711
  4370.000  0.6426867
  4375.000  0.6410154
  4380.000  0.6331086
  4385.000  0.6235736
  4390.000  0.6192058
  4395.000  0.6200836
  4400.000  0.6200748
  4405.000  0.6230342
  4410.000  0.6272853
  4415.000  0.6324755
  4420.000  0.6381124
  4425.000  0.6440379
  4430.000  0.6493858
  4435.000  0.6538976
  4440.000  0.6584946
  4445.000  0.6635292
  4450.000  0.6669198
  4455.000  0.6695563
  4460.000  0.6721200
  4465.000  0.6762862
  4470.000  0.6801485
  4475.000  0.6837722
  4480.000  0.6873381
  4485.000  0.6913876
  4490.000  0.6960515
  4495.000  0.7007552
  4500.000  0.7046170
  4505.000  0.7080071
  4510.000  0.7118212
  4515.000  0.7151346
  4520.000  0.7176022
  4525.000  0.7200577
  4530.000  0.7248002
  4535.000  0.7309368
  4540.000  0.7373744
  4545.000  0.7435677
  4550.000  0.7491771
  4555.000  0.7542008
  4560.000  0.7581315
  4565.000  0.7598888
  4570.000  0.7610713
  4575.000  0.7625928
  4580.000  0.7672060
  4585.000  0.7715492
  4590.000  0.7755683
  4595.000  0.7796971
  4600.000  0.7837206
  4605.000  0.7875596
  4610.000  0.7908653
  4615.000  0.7929641
  4620.000  0.7945910
  4625.000  0.7957627
  4630.000  0.7982776
  4635.000  0.8016761
  4640.000  0.8053031
  4645.000  0.8090510
  4650.000  0.8122046
  4655.000  0.8152429
  4660.000  0.8182100
  4665.000  0.8204861
  4670.000  0.8223688
  4675.000  0.8245071
  4680.000  0.8257984
  4685.000  0.8273581
  4690.000  0.8289916
  4695.000  0.8328518
  4700.000  0.8378394
  4705.000  0.8423470
  4710.000  0.8456420
  4715.000  0.8479912
  4720.000  0.8508209
  4725.000  0.8546008
  4730.000  0.8562795
  4735.000  0.8579199
  4740.000  0.8593073
  4745.000  0.8632596
  4750.000  0.8674215
  4755.000  0.8705917
  4760.000  0.8719859
  4765.000  0.8730453
  4770.000  0.8744200
  4775.000  0.8754719
  4780.000  0.8757874
  4785.000  0.8769950
  4790.000  0.8794619
  4795.000  0.8781140
  4800.000  0.8770843
  4805.000  0.8778405
  4810.000  0.8807808
  4815.000  0.8890123
  4820.000  0.9057340
  4825.000  0.9278355
  4830.000  0.9449787
  4835.000  0.9554973
  4840.000  0.9579832
  4845.000  0.9522452
  4850.000  0.9414621
  4855.000  0.9270598
  4860.000  0.9258084
  4865.000  0.9278711
  4870.000  0.9276722
  4875.000  0.9342365
  4880.000  0.9496055
  4885.000  0.9610258
  4890.000  0.9645148
  4895.000  0.9572157
  4900.000  0.9437511
  4905.000  0.9333536
  4910.000  0.9265806
  4915.000  0.9259966
  4920.000  0.9312427
  4925.000  0.9347941
  4930.000  0.9365206
  4935.000  0.9397584
  4940.000  0.9424140
  4945.000  0.9434293
  4950.000  0.9455613
  4955.000  0.9473870
  4960.000  0.9492409
  4965.000  0.9518946
  4970.000  0.9549654
  4975.000  0.9571826
  4980.000  0.9605256
  4985.000  0.9647267
  4990.000  0.9672069
  4995.000  0.9678515
  5000.000  0.9689017
  5005.000  0.9703259
  5010.000  0.9694363
  5015.000  0.9689860
  5020.000  0.9677197
  5025.000  0.9691087
  5030.000  0.9722694
  5035.000  0.9748882
  5040.000  0.9760912
  5045.000  0.9763001
  5050.000  0.9759144
  5055.000  0.9743854
  5060.000  0.9729660
  5065.000  0.9727830
  5070.000  0.9722915
  5075.000  0.9721496
  5080.000  0.9714723
  5085.000  0.9712082
  5090.000  0.9714662
  5095.000  0.9718964
  5100.000  0.9729345
  5105.000  0.9735001
  5110.000  0.9729800
  5115.000  0.9723815
  5120.000  0.9720040
  5125.000  0.9717262
  5130.000  0.9731103
  5135.000  0.9747494
  5140.000  0.9775710
  5145.000  0.9818635
  5150.000  0.9867910
  5155.000  0.9907612
  5160.000  0.9923734
  5165.000  0.9938213
  5170.000  0.9954909
  5175.000  0.9937502
  5180.000  0.9910326
  5185.000  0.9878639
  5190.000  0.9907939
  5195.000  0.9952124
  5200.000  0.9992877
  5205.000  1.0000000
  5210.000  0.9978345
  5215.000  0.9969917
  5220.000  0.9957633
  5225.000  0.9933588
  5230.000  0.9927459
  5235.000  0.9928537
  5240.000  0.9924151
  5245.000  0.9910020
  5250.000  0.9891919
  5255.000  0.9879817
  5260.000  0.9874677
  5265.000  0.9867475
  5270.000  0.9863233
  5275.000  0.9866546
  5280.000  0.9872189
  5285.000  0.9876192
  5290.000  0.9853927
  5295.000  0.9836586
  5300.000  0.9812644
  5305.000  0.9805826
  5310.000  0.9804032
  5315.000  0.9796937
  5320.000  0.9782594
  5325.000  0.9770675
  5330.000  0.9776449
  5335.000  0.9786972
  5340.000  0.9772383
  5345.000  0.9748864
  5350.000  0.9716167
  5355.000  0.9716269
  5360.000  0.9733889
  5365.000  0.9754065
  5370.000  0.9752701
  5375.000  0.9728258
  5380.000  0.9703762
  5385.000  0.9685199
  5390.000  0.9686184
  5395.000  0.9693119
  5400.000  0.9689515
  5405.000  0.9673008
  5410.000  0.9650880
  5415.000  0.9631139
  5420.000  0.9632368
  5425.000  0.9647427
  5430.000  0.9664692
  5435.000  0.9667232
  5440.000  0.9639005
  5445.000  0.9605983
  5450.000  0.9573028
  5455.000  0.9540012
  5460.000  0.9508134
  5465.000  0.9472592
  5470.000  0.9463500
  5475.000  0.9469958
  5480.000  0.9473532
  5485.000  0.9470558
  5490.000  0.9462717
  5495.000  0.9458040
  5500.000  0.9451825
  5505.000  0.9442071
  5510.000  0.9429373
  5515.000  0.9408807
  5520.000  0.9409923
  5525.000  0.9419000
  5530.000  0.9428809
  5535.000  0.9429978
  5540.000  0.9421155
  5545.000  0.9407882
  5550.000  0.9391810
  5555.000  0.9371265
  5560.000  0.9356133
  5565.000  0.9337560
  5570.000  0.9313104
  5575.000  0.9289902
  5580.000  0.9269371
  5585.000  0.9257473
  5590.000  0.9254436
  5595.000  0.9252711
  5600.000  0.9240749
  5605.000  0.9209049
  5610.000  0.9176649
  5615.000  0.9148099
  5620.000  0.9130664
  5625.000  0.9114125
  5630.000  0.9093409
  5635.000  0.9099916
  5640.000  0.9117592
  5645.000  0.9141338
  5650.000  0.9145868
  5655.000  0.9114329
  5660.000  0.9085160
  5665.000  0.9058784
  5670.000  0.9024763
  5675.000  0.8988425
  5680.000  0.8948811
  5685.000  0.8921885
  5690.000  0.8895262
  5695.000  0.8865468
  5700.000  0.8838219
  5705.000  0.8820357
  5710.000  0.8809065
  5715.000  0.8798352
  5720.000  0.8774269
  5725.000  0.8741483
  5730.000  0.8710925
  5735.000  0.8690013
  5740.000  0.8672064
  5745.000  0.8659182
  5750.000  0.8672068
  5755.000  0.8700082
  5760.000  0.8731085
  5765.000  0.8745493
  5770.000  0.8726820
  5775.000  0.8707308
  5780.000  0.8685713
  5785.000  0.8663753
  5790.000  0.8636408
  5795.000  0.8606428
  5800.000  0.8599045
  5805.000  0.8598730
  5810.000  0.8595763
  5815.000  0.8571188
  5820.000  0.8523836
  5825.000  0.8474452
  5830.000  0.8431231
  5835.000  0.8408922
  5840.000  0.8390304
  5845.000  0.8379452
  5850.000  0.8380719
  5855.000  0.8390896
  5860.000  0.8402754
  5865.000  0.8390347
  5870.000  0.8366560
  5875.000  0.8342894
  5880.000  0.8310632
  5885.000  0.8262256
  5890.000  0.8216558
  5895.000  0.8169214
  5900.000  0.8170989
  5905.000  0.8176100
  5910.000  0.8182176
  5915.000  0.8199794
  5920.000  0.8219130
  5925.000  0.8227845
  5930.000  0.8203655
  5935.000  0.8145093
  5940.000  0.8100598
  5945.000  0.8061028
  5950.000  0.8043421
  5955.000  0.8028764
  5960.000  0.8011997
  5965.000  0.8001105
  5970.000  0.7994082
  5975.000  0.7988657
  5980.000  0.7965727
  5985.000  0.7923284
  5990.000  0.7879982
  5995.000  0.7843236
  6000.000  0.7832256
  6005.000  0.7824872
  6010.000  0.7815347
  6015.000  0.7819683
  6020.000  0.7826446
  6025.000  0.7833193
  6030.000  0.7811250
  6035.000  0.7771137
  6040.000  0.7734050
  6045.000  0.7699941
  6050.000  0.7669154
  6055.000  0.7636471
  6060.000  0.7601695
  6065.000  0.7596917
  6070.000  0.7593943
  6075.000  0.7590642
  6080.000  0.7579064
  6085.000  0.7567338
  6090.000  0.7554801
  6095.000  0.7531355
  6100.000  0.7495754
  6105.000  0.7462126
  6110.000  0.7435593
  6115.000  0.7436890
  6120.000  0.7437625
  6125.000  0.7437975
  6130.000  0.7433437
  6135.000  0.7428575
  6140.000  0.7419491
  6145.000  0.7397960
  6150.000  0.7367712
  6155.000  0.7337078
  6160.000  0.7298372
  6165.000  0.7251278
  6170.000  0.7208922
  6175.000  0.7167165
  6180.000  0.7138998
  6185.000  0.7111348
  6190.000  0.7083057
  6195.000  0.7066786
  6200.000  0.7058700
  6205.000  0.7054701
  6210.000  0.7039359
  6215.000  0.7000693
  6220.000  0.6958712
  6225.000  0.6914591
  6230.000  0.6895487
  6235.000  0.6884989
  6240.000  0.6878937
  6245.000  0.6881964
  6250.000  0.6878643
  6255.000  0.6869634
  6260.000  0.6843854
  6265.000  0.6798580
  6270.000  0.6752471
  6275.000  0.6711220
  6280.000  0.6708159
  6285.000  0.6703224
  6290.000  0.6696392
  6295.000  0.6680832
  6300.000  0.6662884
  6305.000  0.6642203
  6310.000  0.6614999
  6315.000  0.6576417
  6320.000  0.6527401
  6325.000  0.6487708
  6330.000  0.6466861
  6335.000  0.6448826
  6340.000  0.6427416
  6345.000  0.6420951
  6350.000  0.6417280
  6355.000  0.6413602
  6360.000  0.6397457
  6365.000  0.6374776
  6370.000  0.6352122
  6375.000  0.6323089
  6380.000  0.6277398
  6385.000  0.6228642
  6390.000  0.6178310
  6395.000  0.6163970
  6400.000  0.6150274
  6405.000  0.6134753
  6410.000  0.6110756
  6415.000  0.6086318
  6420.000  0.6064775
  6425.000  0.6035710
  6430.000  0.5996816
  6435.000  0.5959563
  6440.000  0.5929345
  6445.000  0.5920896
  6450.000  0.5909877
  6455.000  0.5900950
  6460.000  0.5878830
  6465.000  0.5852404
  6470.000  0.5824121
  6475.000  0.5790789
  6480.000  0.5755111
  6485.000  0.5718367
  6490.000  0.5676451
  6495.000  0.5617534
  6500.000  0.5562294
  6505.000  0.5518188
  6510.000  0.5524008
  6515.000  0.5551178
  6520.000  0.5608753
  6525.000  0.5693226
  6530.000  0.5773127
  6535.000  0.5812444
  6540.000  0.5818736
  6545.000  0.5797783
  6550.000  0.5754228
  6555.000  0.5694094
  6560.000  0.5682383
  6565.000  0.5662721
  6570.000  0.5636130
  6575.000  0.5590105
  6580.000  0.5523869
  6585.000  0.5438617
  6590.000  0.5346796
  6595.000  0.5247620
  6600.000  0.5116276
  6605.000  0.4993458
  6610.000  0.4939091
  6615.000  0.4915408
  6620.000  0.4914166
  6625.000  0.4922751
  6630.000  0.4943242
  6635.000  0.4968940
  6640.000  0.4978447
  6645.000  0.4972171
  6650.000  0.4966172
  6655.000  0.4951449
  6660.000  0.4905664
  6665.000  0.4862629
  6670.000  0.4818513
  6675.000  0.4824820
  6680.000  0.4836014
  6685.000  0.4846533
  6690.000  0.4836301
  6695.000  0.4816687
  6700.000  0.4797179
  6705.000  0.4773666
  6710.000  0.4745395
  6715.000  0.4715741
  6720.000  0.4689837
  6725.000  0.4699147
  6730.000  0.4709483
  6735.000  0.4720048
  6740.000  0.4717898
  6745.000  0.4711729
  6750.000  0.4705108
  6755.000  0.4667774
  6760.000  0.4599699
  6765.000  0.4533139
  6770.000  0.4472898
  6775.000  0.4452910
  6780.000  0.4431572
  6785.000  0.4410539
  6790.000  0.4407470
  6795.000  0.4406863
  6800.000  0.4406817
  6805.000  0.4386099
  6810.000  0.4349279
  6815.000  0.4310785
  6820.000  0.4271246
  6825.000  0.4229530
  6830.000  0.4190166
  6835.000  0.4151777
  6840.000  0.4119776
  6845.000  0.4087190
  6850.000  0.4053496
  6855.000  0.4026087
  6860.000  0.4003440
  6865.000  0.3982399
  6870.000  0.3943826
  6875.000  0.3875025
  6880.000  0.3803550
  6885.000  0.3735341
  6890.000  0.3717576
  6895.000  0.3701524
  6900.000  0.3686838
  6905.000  0.3689493
  6910.000  0.3696147
  6915.000  0.3702152
  6920.000  0.3695873
  6925.000  0.3676957
  6930.000  0.3657094
  6935.000  0.3635055
  6940.000  0.3608785
  6945.000  0.3581284
  6950.000  0.3553703
  6955.000  0.3559183
  6960.000  0.3569756
  6965.000  0.3581169
  6970.000  0.3570297
  6975.000  0.3542496
  6980.000  0.3514118
  6985.000  0.3489923
  6990.000  0.3475774
  6995.000  0.3461768
  7000.000  0.3448252
  7005.000  0.3445195
  7010.000  0.3440486
  7015.000  0.3433533
  7020.000  0.3422441
  7025.000  0.3410254
  7030.000  0.3396843
  7035.000  0.3375911
  7040.000  0.3344282
  7045.000  0.3311484
  7050.000  0.3278698
  7055.000  0.3247329
  7060.000  0.3215555
  7065.000  0.3183448
  7070.000  0.3178014
  7075.000  0.3179410
  7080.000  0.3180672
  7085.000  0.3173302
  7090.000  0.3157676
  7095.000  0.3143645
  7100.000  0.3127925
  7105.000  0.3106193
  7110.000  0.3085256
  7115.000  0.3063212
  7120.000  0.3038332
  7125.000  0.3014095
  7130.000  0.2991268
  7135.000  0.2972854
  7140.000  0.2957563
  7145.000  0.2943180
  7150.000  0.2928400
  7155.000  0.2906951
  7160.000  0.2886020
  7165.000  0.2867200
  7170.000  0.2840627
  7175.000  0.2807151
  7180.000  0.2770047
  7185.000  0.2729121
  7190.000  0.2689075
  7195.000  0.2654073
  7200.000  0.2629225
  7205.000  0.2612156
  7210.000  0.2592540
  7215.000  0.2572508
  7220.000  0.2566778
  7225.000  0.2555052
  7230.000  0.2542373
  7235.000  0.2531615
  7240.000  0.2523748
  7245.000  0.2516578
  7250.000  0.2498770
  7255.000  0.2474841
  7260.000  0.2451378
  7265.000  0.2426700
  7270.000  0.2401189
  7275.000  0.2372788
  7280.000  0.2344394
  7285.000  0.2337164
  7290.000  0.2330721
  7295.000  0.2324964
  7300.000  0.2322414
  7305.000  0.2322127
  7310.000  0.2322906
  7315.000  0.2316765
  7320.000  0.2302178
  7325.000  0.2289971
  7330.000  0.2275696
  7335.000  0.2274855
  7340.000  0.2274371
  7345.000  0.2274037
  7350.000  0.2263433
  7355.000  0.2248832
  7360.000  0.2234392
  7365.000  0.2226539
  7370.000  0.2226384
  7375.000  0.2228404
  7380.000  0.2227445
  7385.000  0.2214360
  7390.000  0.2201792
  7395.000  0.2188717
  7400.000  0.2182533
  7405.000  0.2178711
  7410.000  0.2175467
  7415.000  0.2170516
  7420.000  0.2164397
  7425.000  0.2159680
  7430.000  0.2150991
  7435.000  0.2127574
  7440.000  0.2102343
  7445.000  0.2074886
  7450.000  0.2057431
  7455.000  0.2041975
  7460.000  0.2029337
  7465.000  0.2022794
  7470.000  0.2020219
  7475.000  0.2017068
  7480.000  0.2008840
  7485.000  0.1992915
  7490.000  0.1976259
  7495.000  0.1960298
  7500.000  0.1954038
  7505.000  0.1947692
  7510.000  0.1941301
  7515.000  0.1939579
  7520.000  0.1940381
  7525.000  0.1942650
  7530.000  0.1929815
  7535.000  0.1897872
  7540.000  0.1864059
  7545.000  0.1828665
  7550.000  0.1799239
  7555.000  0.1770039
  7560.000  0.1743575
  7565.000  0.1732360
  7570.000  0.1725255
  7575.000  0.1718183
  7580.000  0.1696299
  7585.000  0.1662230
  7590.000  0.1626992
  7595.000  0.1592101
  7600.000  0.1558348
  7605.000  0.1525319
  7610.000  0.1492624
  7615.000  0.1465635
  7620.000  0.1439712
  7625.000  0.1414883
  7630.000  0.1410482
  7635.000  0.1414047
  7640.000  0.1414606
  7645.000  0.1418459
  7650.000  0.1431511
  7655.000  0.1446877
  7660.000  0.1466104
  7665.000  0.1492143
  7670.000  0.1517550
  7675.000  0.1539776
  7680.000  0.1555211
  7685.000  0.1567893
  7690.000  0.1583072
  7695.000  0.1592595
  7700.000  0.1595908
  7705.000  0.1599954
  7710.000  0.1602650
  7715.000  0.1599505
  7720.000  0.1595812
  7725.000  0.1592099
  7730.000  0.1582447
  7735.000  0.1573914
  7740.000  0.1566269
  7745.000  0.1556077
  7750.000  0.1545369
  7755.000  0.1535266
  7760.000  0.1525281
  7765.000  0.1513392
  7770.000  0.1501708
  7775.000  0.1490262
  7780.000  0.1476953
  7785.000  0.1463923
  7790.000  0.1452036
  7795.000  0.1442066
  7800.000  0.1432182
  7805.000  0.1420704
  7810.000  0.1406552
  7815.000  0.1391265
  7820.000  0.1378562
  7825.000  0.1368354
  7830.000  0.1358011
  7835.000  0.1348634
  7840.000  0.1339255
  7845.000  0.1329367
  7850.000  0.1318812
  7855.000  0.1307386
  7860.000  0.1297999
  7865.000  0.1289693
  7870.000  0.1280725
  7875.000  0.1271745
  7880.000  0.1262857
  7885.000  0.1254760
  7890.000  0.1247258
  7895.000  0.1237397
  7900.000  0.1225996
  7905.000  0.1214076
  7910.000  0.1203803
  7915.000  0.1194671
  7920.000  0.1186259
  7925.000  0.1177857
  7930.000  0.1169136
  7935.000  0.1158655
  7940.000  0.1147588
  7945.000  0.1135890
  7950.000  0.1124480
  7955.000  0.1112384
  7960.000  0.1100289
  7965.000  0.1087965
  7970.000  0.1075859
  7975.000  0.1065033
  7980.000  0.1055984
  7985.000  0.1047082
  7990.000  0.1037859
  7995.000  0.1028790
  8000.000  0.1019304
  8005.000  0.1010418
  8010.000  0.1001483
  8015.000  0.0992807
  8020.000  0.0984053
  8025.000  0.0976017
  8030.000  0.0969024
  8035.000  0.0962490
  8040.000  0.0956287
  8045.000  0.0949917
  8050.000  0.0943203
  8055.000  0.0935729
  8060.000  0.0925370
  8065.000  0.0914309
  8070.000  0.0903756
  8075.000  0.0894183
  8080.000  0.0885185
  8085.000  0.0876292
  8090.000  0.0867788
  8095.000  0.0859915
  8100.000  0.0852284
  8105.000  0.0844134
  8110.000  0.0834986
  8115.000  0.0825976
  8120.000  0.0817088
  8125.000  0.0808417
  8130.000  0.0800033
  8135.000  0.0791168
  8140.000  0.0782359
  8145.000  0.0774521
  8150.000  0.0765915
  8155.000  0.0757678
  8160.000  0.0751447
  8165.000  0.0744836
  8170.000  0.0737239
  8175.000  0.0729525
  8180.000  0.0722066
  8185.000  0.0714235
  8190.000  0.0707761
  8195.000  0.0703385
  8200.000  0.0697855
  8205.000  0.0691305
  8210.000  0.0686356
  8215.000  0.0681516
  8220.000  0.0676238
  8225.000  0.0670753
  8230.000  0.0664707
  8235.000  0.0658313
  8240.000  0.0653832
  8245.000  0.0650572
  8250.000  0.0647746
  8255.000  0.0644997
  8260.000  0.0642344
  8265.000  0.0639075
  8270.000  0.0634258
  8275.000  0.0628957
  8280.000  0.0624597
  8285.000  0.0620308
  8290.000  0.0617021
  8295.000  0.0613383
  8300.000  0.0609796
  8305.000  0.0606882
  8310.000  0.0604447
  8315.000  0.0601522
  8320.000  0.0598157
  8325.000  0.0594032
  8330.000  0.0589874
  8335.000  0.0585827
  8340.000  0.0581487
  8345.000  0.0577137
  8350.000  0.0572994
  8355.000  0.0569877
  8360.000  0.0567519
  8365.000  0.0564923
  8370.000  0.0562781
  8375.000  0.0561075
  8380.000  0.0559169
  8385.000  0.0557491
  8390.000  0.0553431
  8395.000  0.0549423
  8400.000  0.0545292
  8405.000  0.0542216
  8410.000  0.0540032
  8415.000  0.0537273
  8420.000  0.0534214
  8425.000  0.0531768
  8430.000  0.0529498
  8435.000  0.0527297
  8440.000  0.0524160
  8445.000  0.0520678
  8450.000  0.0516717
  8455.000  0.0511979
  8460.000  0.0508183
  8465.000  0.0505076
  8470.000  0.0501916
  8475.000  0.0498454
  8480.000  0.0493828
  8485.000  0.0488285
  8490.000  0.0484063
  8495.000  0.0480774
  8500.000  0.0478285
  8505.000  0.0477256
  8510.000  0.0476538
  8515.000  0.0474823
  8520.000  0.0472217
  8525.000  0.0468769
  8530.000  0.0464943
  8535.000  0.0459676
  8540.000  0.0453780
  8545.000  0.0448757
  8550.000  0.0444983
  8555.000  0.0443358
  8560.000  0.0443235
  8565.000  0.0443377
  8570.000  0.0442371
  8575.000  0.0439201
  8580.000  0.0433438
  8585.000  0.0427104
  8590.000  0.0422274
  8595.000  0.0418481
  8600.000  0.0415598
  8605.000  0.0413412
  8610.000  0.0411717
  8615.000  0.0410720
  8620.000  0.0409729
  8625.000  0.0409889
  8630.000  0.0409848
  8635.000  0.0408038
  8640.000  0.0404942
  8645.000  0.0401894
  8650.000  0.0399281
  8655.000  0.0396686
  8660.000  0.0394066
  8665.000  0.0391616
  8670.000  0.0388505
  8675.000  0.0385893
  8680.000  0.0382268
  8685.000  0.0379055
  8690.000  0.0375854
  8695.000  0.0372045
  8700.000  0.0367564
  8705.000  0.0363847
  8710.000  0.0362731
  8715.000  0.0363904
  8720.000  0.0364091
  8725.000  0.0363415
  8730.000  0.0362071
  8735.000  0.0360053
  8740.000  0.0357413
  8745.000  0.0354210
  8750.000  0.0351195
  8755.000  0.0349162
  8760.000  0.0346802
  8765.000  0.0343906
  8770.000  0.0341090
  8775.000  0.0336705
  8780.000  0.0331930
  8785.000  0.0325666
  8790.000  0.0318241
  8795.000  0.0311907
  8800.000  0.0307206
  8805.000  0.0304025
  8810.000  0.0302662
  8815.000  0.0302357
  8820.000  0.0304402
  8825.000  0.0307459
  8830.000  0.0310763
  8835.000  0.0311988
  8840.000  0.0312054
  8845.000  0.0311071
  8850.000  0.0309479
  8855.000  0.0306556
  8860.000  0.0303761
  8865.000  0.0301610
  8870.000  0.0299621
  8875.000  0.0297131
  8880.000  0.0293837
  8885.000  0.0289828
  8890.000  0.0286026
  8895.000  0.0280389
  8900.000  0.0273108
  8905.000  0.0265734
  8910.000  0.0259931
  8915.000  0.0255213
  8920.000  0.0251146
  8925.000  0.0248097
  8930.000  0.0245793
  8935.000  0.0243444
  8940.000  0.0241422
  8945.000  0.0239857
  8950.000  0.0238778
  8955.000  0.0238471
  8960.000  0.0238682
  8965.000  0.0238202
  8970.000  0.0238275
  8975.000  0.0238612
  8980.000  0.0239018
  8985.000  0.0238599
  8990.000  0.0237070
  8995.000  0.0234446
  9000.000  0.0232023
  9005.000  0.0228648
  9010.000  0.0224408
  9015.000  0.0220340
  9020.000  0.0216430
  9025.000  0.0212148
  9030.000  0.0207818
  9035.000  0.0204185
  9040.000  0.0200641
  9045.000  0.0196938
  9050.000  0.0193455
  9055.000  0.0190043
  9060.000  0.0186824
  9065.000  0.0184229
  9070.000  0.0182269
  9075.000  0.0180637
  9080.000  0.0179114
  9085.000  0.0177773
  9090.000  0.0176588
  9095.000  0.0175714
  9100.000  0.0175265
  9105.000  0.0174720
  9110.000  0.0174027
  9115.000  0.0173606
  9120.000  0.0173517
  9125.000  0.0173243
  9130.000  0.0172197
  9135.000  0.0170745
  9140.000  0.0169739
  9145.000  0.0168516
  9150.000  0.0167136
  9155.000  0.0166174
  9160.000  0.0165339
  9165.000  0.0164149
  9170.000  0.0162860
  9175.000  0.0161750
  9180.000  0.0161412
  9185.000  0.0161646
  9190.000  0.0162084
  9195.000  0.0162573
  9200.000  0.0163398
  9205.000  0.0164100
  9210.000  0.0164507
  9215.000  0.0162994
  9220.000  0.0161203
  9225.000  0.0159189
  9230.000  0.0156433
  9235.000  0.0152865
  9240.000  0.0148827
  9245.000  0.0144864
  9250.000  0.0140714
  9255.000  0.0136371
  9260.000  0.0132055
  9265.000  0.0127524
  9270.000  0.0123147
  9275.000  0.0119223
  9280.000  0.0115491
  9285.000  0.0112099
  9290.000  0.0108967
  9295.000  0.0106455
  9300.000  0.0104440
  9305.000  0.0102637
  9310.000  0.0101225
  9315.000  0.0099372
  9320.000  0.0097584
  9325.000  0.0095749
  9330.000  0.0093632
  9335.000  0.0091536
  9340.000  0.0089055
  9345.000  0.0086656
  9350.000  0.0084112
  9355.000  0.0081177
  9360.000  0.0078425
  9365.000  0.0076358
  9370.000  0.0074557
  9375.000  0.0072933
  9380.000  0.0072247
  9385.000  0.0071534
  9390.000  0.0071220
  9395.000  0.0071685
  9400.000  0.0072193
  9405.000  0.0073133
  9410.000  0.0073433
  9415.000  0.0073177
  9420.000  0.0072980
  9425.000  0.0072775
  9430.000  0.0071930
  9435.000  0.0071125
  9440.000  0.0070244
  9445.000  0.0070187
  9450.000  0.0070169
  9455.000  0.0069895
  9460.000  0.0069448
  9465.000  0.0068955
  9470.000  0.0068186
  9475.000  0.0067557
  9480.000  0.0066953
  9485.000  0.0066784
  9490.000  0.0067061
  9495.000  0.0067140
  9500.000  0.0067087
  9505.000  0.0067278
  9510.000  0.0067171
  9515.000  0.0066712
  9520.000  0.0065902
  9525.000  0.0065108
  9530.000  0.0064393
  9535.000  0.0063413
  9540.000  0.0062143
  9545.000  0.0061718
  9550.000  0.0061384
  9555.000  0.0060928
  9560.000  0.0061180
  9565.000  0.0061261
  9570.000  0.0061317
  9575.000  0.0061488
  9580.000  0.0061580
  9585.000  0.0061598
  9590.000  0.0061635
  9595.000  0.0061641
  9600.000  0.0061684
  9605.000  0.0061946
  9610.000  0.0062238
  9615.000  0.0062641
  9620.000  0.0063118
  9625.000  0.0063154
  9630.000  0.0062903
  9635.000  0.0062499
  9640.000  0.0062050
  9645.000  0.0061354
  9650.000  0.0060604
  9655.000  0.0059921
  9660.000  0.0060014
  9665.000  0.0060143
  9670.000  0.0060363
  9675.000  0.0060225
  9680.000  0.0059930
  9685.000  0.0059655
  9690.000  0.0059135
  9695.000  0.0058241
  9700.000  0.0057238
  9705.000  0.0056414
  9710.000  0.0056718
  9715.000  0.0057112
  9720.000  0.0057363
  9725.000  0.0057142
  9730.000  0.0056846
  9735.000  0.0056450
  9740.000  0.0055765
  9745.000  0.0054896
  9750.000  0.0054056
  9755.000  0.0053622
  9760.000  0.0054228
  9765.000  0.0054758
  9770.000  0.0055133
  9775.000  0.0055030
  9780.000  0.0054969
  9785.000  0.0054949
  9790.000  0.0054249
  9795.000  0.0053195
  9800.000  0.0052265
  9805.000  0.0051249
  9810.000  0.0050440
  9815.000  0.0049690
  9820.000  0.0048948
  9825.000  0.0048958
  9830.000  0.0048939
  9835.000  0.0048882
  9840.000  0.0048918
  9845.000  0.0049126
  9850.000  0.0049376
  9855.000  0.0049334
  9860.000  0.0049027
  9865.000  0.0048686
  9870.000  0.0048411
  9875.000  0.0047622
  9880.000  0.0046870
  9885.000  0.0046158
  9890.000  0.0045870
  9895.000  0.0045622
  9900.000  0.0045375
  9905.000  0.0045240
  9910.000  0.0045352
  9915.000  0.0045540
  9920.000  0.0045398
  9925.000  0.0044256
  9930.000  0.0043137
  9935.000  0.0041960
  9940.000  0.0040769
  9945.000  0.0039527
  9950.000  0.0038225
  9955.000  0.0037935
  9960.000  0.0038051
  9965.000  0.0038254
  9970.000  0.0038516
  9975.000  0.0038919
  9980.000  0.0039383
  9985.000  0.0039845
  9990.000  0.0040029
  9995.000  0.0040262
 10000.000  0.0040534
 10005.000  0.0040308
 10010.000  0.0040010
 10015.000  0.0039713
 10020.000  0.0039013
 10025.000  0.0038173
 10030.000  0.0037066
 10035.000  0.0035920
 10040.000  0.0035121
 10045.000  0.0034281
 10050.000  0.0033315
 10055.000  0.0032597
 10060.000  0.0031855
 10065.000  0.0031114
 10070.000  0.0030477
 10075.000  0.0030040
 10080.000  0.0029545
 10085.000  0.0028998
 10090.000  0.0028475
 10095.000  0.0028017
 10100.000  0.0027588
 10105.000  0.0027061
 10110.000  0.0026605
 10115.000  0.0026183
 10120.000  0.0025716
 10125.000  0.0025241
 10130.000  0.0024822
 10135.000  0.0024502
 10140.000  0.0024364
 10145.000  0.0024281
 10150.000  0.0024242
 10155.000  0.0024720
 10160.000  0.0025186
 10165.000  0.0025612
 10170.000  0.0025415
 10175.000  0.0024993
 10180.000  0.0024608
 10185.000  0.0024142
 10190.000  0.0023595
 10195.000  0.0023064
 10200.000  0.0022666
 10205.000  0.0022800
 10210.000  0.0022903
 10215.000  0.0022971
 10220.000  0.0023018
 10225.000  0.0023062
 10230.000  0.0023122
 10235.000  0.0022498
 10240.000  0.0021420
 10245.000  0.0020361
 10250.000  0.0019552
 10255.000  0.0019319
 10260.000  0.0019081
 10265.000  0.0018836
 10270.000  0.0018851
 10275.000  0.0018869
 10280.000  0.0018894
 10285.000  0.0019242
 10290.000  0.0019734
 10295.000  0.0020239
 10300.000  0.0020536
 10305.000  0.0020519
 10310.000  0.0020501
 10315.000  0.0020399
 10320.000  0.0019589
 10325.000  0.0018767
 10330.000  0.0017925
 10335.000  0.0017279
 10340.000  0.0016664
 10345.000  0.0016038
 10350.000  0.0015591
 10355.000  0.0015325
 10360.000  0.0015075
 10365.000  0.0014828
 10370.000  0.0014543
 10375.000  0.0014253
 10380.000  0.0013951
 10385.000  0.0013162
 10390.000  0.0012309
 10395.000  0.0011442
 10400.000  0.0011671
 10405.000  0.0012591
 10410.000  0.0013530
 10415.000  0.0014322
 10420.000  0.0014768
 10425.000  0.0015210
 10430.000  0.0015610
 10435.000  0.0014779
 10440.000  0.0013929
 10445.000  0.0013074
 10450.000  0.0012214
 10455.000  0.0011361
 10460.000  0.0010517
 10465.000  0.0009720
 10470.000  0.0008980
 10475.000  0.0008236
 10480.000  0.0007625
 10485.000  0.0007965
 10490.000  0.0008298
 10495.000  0.0008623
 10500.000  0.0009070
 10505.000  0.0009546
 10510.000  0.0010033
 10515.000  0.0010035
 10520.000  0.0009606
 10525.000  0.0009179
 10530.000  0.0008786
 10535.000  0.0008527
 10540.000  0.0008256
 10545.000  0.0007978
 10550.000  0.0008033
 10555.000  0.0008117
 10560.000  0.0008213
 10565.000  0.0007416
 10570.000  0.0006105
 10575.000  0.0004789
 10580.000  0.0003477
 10585.000  0.0002186
 10590.000  0.0000943
 10595.000 -0.0000418
 10600.000 -0.0000127
 10605.000  0.0000217
 10610.000  0.0000629
 10615.000  0.0001109
 10620.000  0.0001704
